,Pars,Reward2,Reward3,RPE,TvS,Model_accuracy,Human_accuracy,p,b
0,3.0,1.0,1.0,0.0,0.0,0.9606481420279881,1.0,0.7000000000000001,0.1
1,3.0,1.0,1.0,0.0,0.0,0.5242256663033299,0.0,0.7000000000000001,0.1
2,3.0,1.0,1.0,0.25,1.0,0.9199787170222123,1.0,0.7000000000000001,0.1
3,3.0,1.0,0.0,0.0,1.0,0.25,0.0,0.7000000000000001,0.1
4,3.0,1.0,1.0,0.0,0.0,0.7050577631733996,0.0,0.7000000000000001,0.1
5,3.0,0.0,0.0,0.0,1.0,0.25,0.0,0.7000000000000001,0.1
6,3.0,0.0,0.0,0.0,1.0,0.25,1.0,0.7000000000000001,0.1
7,3.0,1.0,1.0,0.0,0.0,0.5242256663033299,1.0,0.7000000000000001,0.1
8,3.0,0.0,0.0,0.0,1.0,0.25,1.0,0.7000000000000001,0.1
9,3.0,1.0,1.0,0.0,0.0,0.8383526611343303,1.0,0.7000000000000001,0.1
10,3.0,0.0,1.0,1.0,1.0,0.3416323139946889,1.0,0.7000000000000001,0.1
11,3.0,0.0,0.0,0.0,1.0,0.25,0.0,0.7000000000000001,0.1
12,3.0,1.0,1.0,0.0,1.0,0.9960893926636967,1.0,0.7000000000000001,0.1
13,3.0,1.0,1.0,0.0,1.0,0.9915543538870133,1.0,0.7000000000000001,0.1
14,3.0,1.0,1.0,0.0,1.0,0.9915543538870131,1.0,0.7000000000000001,0.1
15,3.0,0.0,0.0,0.0,1.0,0.25,1.0,0.7000000000000001,0.1
16,3.0,1.0,1.0,1.0,1.0,0.3416323139946889,1.0,0.7000000000000001,0.1
17,3.0,1.0,1.0,1.0,1.0,0.8412470689533538,1.0,0.7000000000000001,0.1
18,3.0,1.0,1.0,0.0,1.0,0.9915543538870131,1.0,0.7000000000000001,0.1
19,3.0,1.0,1.0,0.0,1.0,0.9960893926636964,1.0,0.7000000000000001,0.1
20,3.0,0.0,1.0,0.0,0.0,0.5242256663033299,0.0,0.7000000000000001,0.1
21,3.0,1.0,1.0,0.0,0.0,0.5242256663033299,0.0,0.7000000000000001,0.1
22,3.0,0.0,0.0,0.0,1.0,0.25,1.0,0.7000000000000001,0.1
23,3.0,1.0,1.0,0.0,0.0,0.9606481420279881,1.0,0.7000000000000001,0.1
24,3.0,1.0,1.0,1.0,1.0,0.5295886599938373,1.0,0.7000000000000001,0.1
25,3.0,0.0,1.0,1.0,1.0,0.3416323139946889,1.0,0.7000000000000001,0.1
26,3.0,1.0,1.0,0.75,1.0,0.7095119072115796,1.0,0.7000000000000001,0.1
27,3.0,0.0,0.0,0.0,1.0,0.25,1.0,0.7000000000000001,0.1
28,3.0,1.0,1.0,1.0,1.0,0.3416323139946889,1.0,0.7000000000000001,0.1
29,3.0,1.0,1.0,0.25,1.0,0.9915543538870133,1.0,0.7000000000000001,0.1
30,3.0,1.0,0.0,0.0,1.0,0.25,0.0,0.7000000000000001,0.1
31,3.0,1.0,1.0,0.0,0.0,0.5242256663033299,1.0,0.7000000000000001,0.1
32,3.0,1.0,1.0,0.0,1.0,0.9915543538870133,1.0,0.7000000000000001,0.1
33,3.0,0.0,0.0,0.0,1.0,0.12975277205206562,1.0,0.7000000000000001,0.1
34,3.0,1.0,1.0,0.0,0.0,0.9183804866459838,1.0,0.7000000000000001,0.1
35,3.0,0.0,1.0,0.0,0.0,0.5242256663033299,1.0,0.7000000000000001,0.1
36,3.0,1.0,1.0,0.0,0.0,0.9183804866459837,1.0,0.7000000000000001,0.1
37,3.0,1.0,1.0,0.0,0.0,0.5242256663033299,1.0,0.7000000000000001,0.1
38,3.0,0.0,1.0,1.0,1.0,0.3416323139946889,1.0,0.7000000000000001,0.1
39,3.0,1.0,0.0,0.0,1.0,0.25,1.0,0.7000000000000001,0.1
40,3.0,1.0,1.0,1.0,1.0,0.3416323139946889,1.0,0.7000000000000001,0.1
41,3.0,0.0,1.0,1.0,1.0,0.3416323139946889,1.0,0.7000000000000001,0.1
42,3.0,1.0,1.0,0.25,1.0,0.8412470689533538,1.0,0.7000000000000001,0.1
43,3.0,1.0,1.0,1.0,1.0,0.5295886599938373,1.0,0.7000000000000001,0.1
44,3.0,1.0,1.0,1.0,1.0,0.3416323139946889,1.0,0.7000000000000001,0.1
45,3.0,1.0,1.0,0.0,0.0,0.5242256663033299,1.0,0.7000000000000001,0.1
46,3.0,1.0,1.0,1.0,1.0,0.3416323139946889,1.0,0.7000000000000001,0.1
47,3.0,0.0,1.0,1.0,1.0,0.3416323139946889,0.0,0.7000000000000001,0.1
48,3.0,1.0,1.0,0.0,0.0,0.5242256663033299,0.0,0.7000000000000001,0.1
49,3.0,0.0,0.0,0.0,1.0,0.25,0.0,0.7000000000000001,0.1
50,3.0,1.0,1.0,0.0,1.0,0.961453448339365,1.0,0.7000000000000001,0.1
51,3.0,1.0,1.0,1.0,1.0,0.3416323139946889,1.0,0.7000000000000001,0.1
52,3.0,1.0,1.0,1.0,1.0,0.3416323139946889,1.0,0.7000000000000001,0.1
53,3.0,0.0,0.0,0.0,1.0,0.25,0.0,0.7000000000000001,0.1
54,3.0,1.0,1.0,1.0,1.0,0.3416323139946889,1.0,0.7000000000000001,0.1
55,3.0,0.0,0.0,0.0,1.0,0.25,1.0,0.7000000000000001,0.1
56,3.0,0.0,0.0,0.0,1.0,0.25,1.0,0.7000000000000001,0.1
57,3.0,0.0,0.0,0.0,1.0,0.25,0.0,0.7000000000000001,0.1
58,3.0,1.0,1.0,0.0,1.0,0.9199787170222121,1.0,0.7000000000000001,0.1
59,3.0,1.0,1.0,0.0,1.0,0.9915543538870133,1.0,0.7000000000000001,0.1
60,3.0,1.0,1.0,0.0,1.0,0.9960893926636964,1.0,0.7000000000000001,0.1
61,3.0,1.0,1.0,0.0,0.0,0.9183804866459837,1.0,0.7000000000000001,0.1
62,3.0,0.0,1.0,1.0,1.0,0.3416323139946889,0.0,0.7000000000000001,0.1
63,3.0,0.0,1.0,1.0,1.0,0.3416323139946889,1.0,0.7000000000000001,0.1
64,3.0,0.0,0.0,0.0,1.0,0.25,1.0,0.7000000000000001,0.1
65,3.0,1.0,1.0,1.0,1.0,0.3416323139946889,1.0,0.7000000000000001,0.1
66,3.0,1.0,1.0,0.25,1.0,0.8412470689533538,1.0,0.7000000000000001,0.1
67,3.0,0.0,1.0,1.0,1.0,0.3416323139946889,0.0,0.7000000000000001,0.1
68,3.0,1.0,1.0,0.0,1.0,0.9915543538870133,1.0,0.7000000000000001,0.1
69,3.0,1.0,1.0,1.0,1.0,0.3416323139946889,1.0,0.7000000000000001,0.1
70,3.0,1.0,1.0,1.0,1.0,0.3416323139946889,1.0,0.7000000000000001,0.1
71,3.0,1.0,1.0,1.0,1.0,0.3416323139946889,1.0,0.7000000000000001,0.1
72,3.0,1.0,1.0,0.0,1.0,0.9960893926636964,1.0,0.7000000000000001,0.1
73,3.0,0.0,1.0,1.0,1.0,0.3416323139946889,0.0,0.7000000000000001,0.1
74,3.0,1.0,1.0,0.75,1.0,0.9199787170222123,1.0,0.7000000000000001,0.1
75,3.0,0.0,0.0,0.0,1.0,0.25,0.0,0.7000000000000001,0.1
76,3.0,1.0,1.0,1.0,1.0,0.3416323139946889,1.0,0.7000000000000001,0.1
77,3.0,0.0,0.0,0.0,1.0,0.25,1.0,0.7000000000000001,0.1
78,3.0,1.0,1.0,0.0,0.0,0.5242256663033299,1.0,0.7000000000000001,0.1
79,3.0,0.0,0.0,0.0,1.0,0.25,0.0,0.7000000000000001,0.1
80,3.0,0.0,0.0,0.0,1.0,0.25,0.0,0.7000000000000001,0.1
81,3.0,0.0,0.0,0.0,1.0,0.25,1.0,0.7000000000000001,0.1
82,3.0,1.0,1.0,0.0,1.0,0.9915543538870133,1.0,0.7000000000000001,0.1
83,3.0,1.0,1.0,1.0,1.0,0.3416323139946889,1.0,0.7000000000000001,0.1
84,3.0,1.0,0.0,0.0,1.0,0.25,0.0,0.7000000000000001,0.1
85,3.0,1.0,1.0,1.0,1.0,0.3416323139946889,1.0,0.7000000000000001,0.1
86,3.0,1.0,1.0,1.0,1.0,0.5295886599938373,1.0,0.7000000000000001,0.1
87,3.0,1.0,1.0,1.0,1.0,0.3416323139946889,0.0,0.7000000000000001,0.1
88,3.0,1.0,1.0,0.0,0.0,0.5242256663033299,0.0,0.7000000000000001,0.1
89,3.0,1.0,1.0,0.0,1.0,0.9960893926636964,1.0,0.7000000000000001,0.1
0,4.0,1.0,1.0,0.0,0.0,0.8246919736655952,1.0,0.7000000000000001,0.1
1,4.0,1.0,1.0,0.0,0.0,0.8246919736655952,1.0,0.7000000000000001,0.1
2,4.0,0.0,1.0,0.75,1.0,0.5154515558544115,1.0,0.7000000000000001,0.1
3,4.0,0.0,0.0,-0.75,1.0,0.059152664776433654,0.0,0.7000000000000001,0.1
4,4.0,0.0,1.0,0.0,0.0,0.6611606443678057,1.0,0.7000000000000001,0.1
5,4.0,0.0,1.0,0.75,1.0,0.2904179562623742,1.0,0.7000000000000001,0.1
6,4.0,0.0,0.0,-0.75,1.0,0.05830348683675836,0.0,0.7000000000000001,0.1
7,4.0,1.0,1.0,0.0,0.0,0.8116898734521775,1.0,0.7000000000000001,0.1
8,4.0,0.0,1.0,0.25,1.0,0.7107795484751722,1.0,0.7000000000000001,0.1
9,4.0,1.0,1.0,0.0,0.0,0.8246919736655952,1.0,0.7000000000000001,0.1
10,4.0,1.0,0.0,-0.25,1.0,0.6892854718781183,1.0,0.7000000000000001,0.1
11,4.0,0.0,1.0,0.25,1.0,0.4860017081029,1.0,0.7000000000000001,0.1
12,4.0,0.0,1.0,0.0,1.0,0.7250121877356707,1.0,0.7000000000000001,0.1
13,4.0,1.0,0.0,-0.25,1.0,0.15992947174608166,0.0,0.7000000000000001,0.1
14,4.0,0.0,0.0,-0.25,1.0,0.11757081138965099,0.0,0.7000000000000001,0.1
15,4.0,0.0,1.0,0.75,1.0,0.2904179562623742,0.0,0.7000000000000001,0.1
16,4.0,0.0,0.0,-0.25,1.0,0.09396079758410412,0.0,0.7000000000000001,0.1
17,4.0,1.0,0.0,-0.25,1.0,0.5926672690710862,0.0,0.7000000000000001,0.1
18,4.0,0.0,0.0,-0.25,1.0,0.09396079758410412,1.0,0.7000000000000001,0.1
19,4.0,0.0,1.0,0.75,1.0,0.65066567859992,1.0,0.7000000000000001,0.1
20,4.0,0.0,1.0,0.0,0.0,0.6611606443678059,1.0,0.7000000000000001,0.1
21,4.0,1.0,1.0,0.0,0.0,0.8116898734521775,0.0,0.7000000000000001,0.1
22,4.0,0.0,1.0,0.75,1.0,0.5154515558544114,1.0,0.7000000000000001,0.1
23,4.0,1.0,1.0,0.0,0.0,0.8253768926278211,1.0,0.7000000000000001,0.1
24,4.0,1.0,1.0,0.75,1.0,0.7726423138223834,0.0,0.7000000000000001,0.1
25,4.0,1.0,1.0,0.25,1.0,0.8219481233535529,1.0,0.7000000000000001,0.1
26,4.0,1.0,0.0,-0.25,1.0,0.5926672690710862,1.0,0.7000000000000001,0.1
27,4.0,0.0,1.0,0.75,1.0,0.5154515558544114,0.0,0.7000000000000001,0.1
28,4.0,0.0,0.0,-0.75,1.0,0.06824702704165282,0.0,0.7000000000000001,0.1
29,4.0,1.0,1.0,0.75,1.0,0.8219481233535529,1.0,0.7000000000000001,0.1
30,4.0,0.0,0.0,-0.75,1.0,0.060781861287711715,1.0,0.7000000000000001,0.1
31,4.0,0.0,1.0,0.0,0.0,0.7735754391613352,0.0,0.7000000000000001,0.1
32,4.0,1.0,1.0,0.25,1.0,0.8219481233535529,1.0,0.7000000000000001,0.1
33,4.0,1.0,1.0,0.75,1.0,0.7726423138223834,1.0,0.7000000000000001,0.1
34,4.0,0.0,1.0,0.0,0.0,0.6611606443678059,1.0,0.7000000000000001,0.1
35,4.0,0.0,1.0,0.0,0.0,0.6611606443678057,0.0,0.7000000000000001,0.1
36,4.0,0.0,1.0,0.0,0.0,0.4288094554005974,0.0,0.7000000000000001,0.1
37,4.0,1.0,1.0,0.0,0.0,0.8116898734521775,1.0,0.7000000000000001,0.1
38,4.0,1.0,1.0,0.25,1.0,0.8219481233535529,0.0,0.7000000000000001,0.1
39,4.0,1.0,1.0,0.75,1.0,0.8219481233535529,1.0,0.7000000000000001,0.1
40,4.0,1.0,1.0,0.0,1.0,0.825550565970214,1.0,0.7000000000000001,0.1
41,4.0,0.0,0.0,-0.25,1.0,0.060781861287711715,0.0,0.7000000000000001,0.1
42,4.0,0.0,0.0,-0.75,1.0,0.059152664776433654,1.0,0.7000000000000001,0.1
43,4.0,0.0,0.0,-0.25,1.0,0.060781861287711715,0.0,0.7000000000000001,0.1
44,4.0,1.0,1.0,0.25,1.0,0.825550565970214,1.0,0.7000000000000001,0.1
45,4.0,0.0,1.0,0.0,0.0,0.4288094554005974,0.0,0.7000000000000001,0.1
46,4.0,1.0,1.0,0.0,1.0,0.8255960070247045,1.0,0.7000000000000001,0.1
47,4.0,0.0,0.0,-0.75,1.0,0.03951740423119036,1.0,0.7000000000000001,0.1
48,4.0,0.0,1.0,0.0,0.0,0.5152499516964332,0.0,0.7000000000000001,0.1
49,4.0,0.0,0.0,-0.25,1.0,0.060781861287711715,0.0,0.7000000000000001,0.1
50,4.0,1.0,1.0,0.0,1.0,0.825550565970214,1.0,0.7000000000000001,0.1
51,4.0,1.0,1.0,0.75,1.0,0.7726423138223834,1.0,0.7000000000000001,0.1
52,4.0,0.0,0.0,-0.5,1.0,0.06824702704165284,0.0,0.7000000000000001,0.1
53,4.0,1.0,0.0,-0.5,1.0,0.25223978029832217,0.0,0.7000000000000001,0.1
54,4.0,0.0,0.0,-0.75,1.0,0.060781861287711715,1.0,0.7000000000000001,0.1
55,4.0,1.0,1.0,0.75,1.0,0.7726423138223834,0.0,0.7000000000000001,0.1
56,4.0,0.0,0.0,-0.75,1.0,0.03951740423119036,1.0,0.7000000000000001,0.1
57,4.0,0.0,1.0,0.75,1.0,0.5154515558544113,0.0,0.7000000000000001,0.1
58,4.0,1.0,1.0,0.0,1.0,0.8255960070247045,1.0,0.7000000000000001,0.1
59,4.0,1.0,1.0,0.25,1.0,0.825550565970214,1.0,0.7000000000000001,0.1
60,4.0,1.0,1.0,0.25,1.0,0.8246743729013202,1.0,0.7000000000000001,0.1
61,4.0,1.0,1.0,0.0,0.0,0.8246919736655952,1.0,0.7000000000000001,0.1
62,4.0,1.0,1.0,0.0,1.0,0.825550565970214,0.0,0.7000000000000001,0.1
63,4.0,0.0,1.0,0.25,1.0,0.5724174406236403,1.0,0.7000000000000001,0.1
64,4.0,1.0,0.0,-0.25,1.0,0.5926672690710862,0.0,0.7000000000000001,0.1
65,4.0,1.0,0.0,-0.75,1.0,0.3588916023674071,1.0,0.7000000000000001,0.1
66,4.0,0.0,1.0,0.75,1.0,0.2904179562623742,0.0,0.7000000000000001,0.1
67,4.0,0.0,0.0,-0.25,1.0,0.09396079758410411,1.0,0.7000000000000001,0.1
68,4.0,0.0,0.0,-0.25,1.0,0.07754647531529581,1.0,0.7000000000000001,0.1
69,4.0,0.0,0.0,-0.5,1.0,0.06824702704165282,1.0,0.7000000000000001,0.1
70,4.0,0.0,1.0,0.25,1.0,0.5724174406236402,1.0,0.7000000000000001,0.1
71,4.0,0.0,0.0,-0.25,1.0,0.11757081138965099,0.0,0.7000000000000001,0.1
72,4.0,0.0,0.0,-0.25,1.0,0.15992947174608163,1.0,0.7000000000000001,0.1
73,4.0,0.0,0.0,-0.25,1.0,0.06824702704165282,1.0,0.7000000000000001,0.1
74,4.0,1.0,0.0,-0.25,1.0,0.6892854718781184,1.0,0.7000000000000001,0.1
75,4.0,1.0,0.0,-0.25,1.0,0.5926672690710861,0.0,0.7000000000000001,0.1
76,4.0,1.0,1.0,0.25,1.0,0.8219481233535529,1.0,0.7000000000000001,0.1
77,4.0,0.0,0.0,-0.75,1.0,0.05915266477643364,0.0,0.7000000000000001,0.1
78,4.0,0.0,1.0,0.0,0.0,0.6611606443678059,0.0,0.7000000000000001,0.1
79,4.0,0.0,1.0,0.25,1.0,0.8114276942394448,1.0,0.7000000000000001,0.1
80,4.0,1.0,1.0,0.25,1.0,0.8253723973246548,0.0,0.7000000000000001,0.1
81,4.0,0.0,0.0,-0.25,1.0,0.11757081138965099,1.0,0.7000000000000001,0.1
82,4.0,1.0,1.0,0.75,1.0,0.7726423138223834,1.0,0.7000000000000001,0.1
83,4.0,0.0,1.0,0.75,1.0,0.5154515558544115,1.0,0.7000000000000001,0.1
84,4.0,0.0,0.0,-0.75,1.0,0.06824702704165282,1.0,0.7000000000000001,0.1
85,4.0,1.0,1.0,0.25,1.0,0.8246743729013202,1.0,0.7000000000000001,0.1
86,4.0,1.0,0.0,-0.25,1.0,0.382429188610349,1.0,0.7000000000000001,0.1
87,4.0,0.0,1.0,0.75,1.0,0.5154515558544113,1.0,0.7000000000000001,0.1
88,4.0,0.0,1.0,0.0,0.0,0.4288094554005974,0.0,0.7000000000000001,0.1
89,4.0,0.0,0.0,-0.75,1.0,0.060781861287711715,0.0,0.7000000000000001,0.1
0,6.0,1.0,1.0,0.0,0.0,0.7881847734894858,1.0,0.7000000000000001,0.1
1,6.0,0.0,1.0,0.0,0.0,0.5552724063287918,0.0,0.7000000000000001,0.1
2,6.0,0.0,0.0,0.0,1.0,0.21157965792610287,1.0,0.7000000000000001,0.1
3,6.0,1.0,1.0,0.0,1.0,0.95415100016747,1.0,0.7000000000000001,0.1
4,6.0,1.0,1.0,0.0,0.0,0.7881847734894858,1.0,0.7000000000000001,0.1
5,6.0,0.0,0.0,0.0,1.0,0.25,0.0,0.7000000000000001,0.1
6,6.0,1.0,0.0,-0.25,1.0,0.31660477169819967,1.0,0.7000000000000001,0.1
7,6.0,0.0,1.0,0.0,0.0,0.5012948327746783,0.0,0.7000000000000001,0.1
8,6.0,1.0,1.0,0.5,1.0,0.7008661605138935,1.0,0.7000000000000001,0.1
9,6.0,1.0,1.0,0.0,0.0,0.8653003168285688,1.0,0.7000000000000001,0.1
10,6.0,0.0,0.0,-0.5,1.0,0.08415991202890484,1.0,0.7000000000000001,0.1
11,6.0,0.0,0.0,-0.5,1.0,0.05454434691348964,1.0,0.7000000000000001,0.1
12,6.0,1.0,1.0,0.75,1.0,0.5757657629378112,1.0,0.7000000000000001,0.1
13,6.0,0.0,0.0,-0.5,1.0,0.14910586054063807,0.0,0.7000000000000001,0.1
14,6.0,1.0,0.0,-0.75,1.0,0.41863348892900265,0.0,0.7000000000000001,0.1
15,6.0,1.0,1.0,0.25,1.0,0.9233994655869887,1.0,0.7000000000000001,0.1
16,6.0,1.0,1.0,0.0,1.0,0.9729192839451482,1.0,0.7000000000000001,0.1
17,6.0,0.0,0.0,-0.25,1.0,0.21157965792610287,1.0,0.7000000000000001,0.1
18,6.0,0.0,0.0,-0.25,1.0,0.12277419164660863,1.0,0.7000000000000001,0.1
19,6.0,1.0,1.0,0.0,1.0,0.972919283945148,1.0,0.7000000000000001,0.1
20,6.0,1.0,1.0,0.0,0.0,0.6830897287116876,1.0,0.7000000000000001,0.1
21,6.0,1.0,1.0,0.0,0.0,0.8653003168285688,0.0,0.7000000000000001,0.1
22,6.0,0.0,0.0,-0.25,1.0,0.1491058605406381,1.0,0.7000000000000001,0.1
23,6.0,0.0,1.0,0.0,0.0,0.5012948327746783,1.0,0.7000000000000001,0.1
24,6.0,1.0,0.0,-0.75,1.0,0.12277419164660862,0.0,0.7000000000000001,0.1
25,6.0,0.0,0.0,-0.25,1.0,0.12277419164660862,1.0,0.7000000000000001,0.1
26,6.0,0.0,0.0,-0.25,1.0,0.21157965792610287,1.0,0.7000000000000001,0.1
27,6.0,1.0,1.0,0.75,1.0,0.7008661605138935,0.0,0.7000000000000001,0.1
28,6.0,1.0,1.0,0.25,1.0,0.9233994655869887,1.0,0.7000000000000001,0.1
29,6.0,1.0,1.0,0.25,1.0,0.8747303660926284,1.0,0.7000000000000001,0.1
30,6.0,0.0,1.0,0.75,1.0,0.3875997025499147,1.0,0.7000000000000001,0.1
31,6.0,1.0,1.0,0.0,0.0,0.8653003168285688,1.0,0.7000000000000001,0.1
32,6.0,1.0,1.0,0.25,1.0,0.9233994655869887,1.0,0.7000000000000001,0.1
33,6.0,0.0,0.0,-0.75,1.0,0.03393122668977181,0.0,0.7000000000000001,0.1
34,6.0,1.0,1.0,0.0,0.0,0.9172866937777711,1.0,0.7000000000000001,0.1
35,6.0,0.0,1.0,0.0,0.0,0.5552724063287918,0.0,0.7000000000000001,0.1
36,6.0,1.0,1.0,0.0,0.0,0.5552724063287918,0.0,0.7000000000000001,0.1
37,6.0,1.0,1.0,0.0,0.0,0.8653003168285686,1.0,0.7000000000000001,0.1
38,6.0,1.0,1.0,0.0,1.0,0.95415100016747,1.0,0.7000000000000001,0.1
39,6.0,0.0,0.0,0.0,1.0,0.21157965792610287,1.0,0.7000000000000001,0.1
40,6.0,0.0,0.0,-0.25,1.0,0.16721590914628612,1.0,0.7000000000000001,0.1
41,6.0,0.0,1.0,0.5,1.0,0.5757657629378111,0.0,0.7000000000000001,0.1
42,6.0,1.0,1.0,0.75,1.0,0.5757657629378111,1.0,0.7000000000000001,0.1
43,6.0,0.0,0.0,-0.25,1.0,0.21157965792610287,0.0,0.7000000000000001,0.1
44,6.0,0.0,1.0,0.75,1.0,0.3875997025499147,1.0,0.7000000000000001,0.1
45,6.0,0.0,1.0,0.0,0.0,0.4292579321486524,0.0,0.7000000000000001,0.1
46,6.0,1.0,0.0,0.0,1.0,0.4983522725611417,1.0,0.7000000000000001,0.1
47,6.0,0.0,0.0,-0.25,1.0,0.18339522830180036,0.0,0.7000000000000001,0.1
48,6.0,0.0,1.0,0.0,0.0,0.5552724063287918,1.0,0.7000000000000001,0.1
49,6.0,1.0,0.0,-0.5,1.0,0.37438108240292106,0.0,0.7000000000000001,0.1
50,6.0,0.0,0.0,-0.5,1.0,0.12277419164660862,1.0,0.7000000000000001,0.1
51,6.0,0.0,0.0,-0.5,1.0,0.16721590914628612,1.0,0.7000000000000001,0.1
52,6.0,1.0,1.0,1.0,1.0,0.4401396019519266,1.0,0.7000000000000001,0.1
53,6.0,0.0,0.0,-0.25,1.0,0.11272195075720731,0.0,0.7000000000000001,0.1
54,6.0,1.0,1.0,0.5,1.0,0.5757657629378111,1.0,0.7000000000000001,0.1
55,6.0,0.0,0.0,-0.25,1.0,0.18339522830180036,0.0,0.7000000000000001,0.1
56,6.0,0.0,0.0,-0.5,1.0,0.12277419164660862,1.0,0.7000000000000001,0.1
57,6.0,1.0,0.0,-0.25,1.0,0.579958301065624,1.0,0.7000000000000001,0.1
58,6.0,1.0,0.0,-0.75,1.0,0.4186334889290026,1.0,0.7000000000000001,0.1
59,6.0,1.0,1.0,0.75,1.0,0.8747303660926283,1.0,0.7000000000000001,0.1
60,6.0,0.0,0.0,-0.5,1.0,0.12277419164660863,1.0,0.7000000000000001,0.1
61,6.0,1.0,1.0,0.0,0.0,0.6830897287116876,0.0,0.7000000000000001,0.1
62,6.0,1.0,0.0,-0.25,1.0,0.44437903565506537,1.0,0.7000000000000001,0.1
63,6.0,1.0,1.0,0.25,1.0,0.8017767883211078,0.0,0.7000000000000001,0.1
64,6.0,0.0,0.0,-0.25,1.0,0.16721590914628612,0.0,0.7000000000000001,0.1
65,6.0,1.0,0.0,-0.25,1.0,0.4443790356550653,1.0,0.7000000000000001,0.1
66,6.0,1.0,1.0,0.0,1.0,0.9729192839451482,1.0,0.7000000000000001,0.1
67,6.0,1.0,0.0,0.0,1.0,0.4983522725611417,1.0,0.7000000000000001,0.1
68,6.0,0.0,0.0,-0.25,1.0,0.21157965792610287,1.0,0.7000000000000001,0.1
69,6.0,1.0,1.0,0.25,1.0,0.9233994655869887,1.0,0.7000000000000001,0.1
70,6.0,0.0,1.0,0.25,1.0,0.49590522267418463,1.0,0.7000000000000001,0.1
71,6.0,0.0,0.0,-0.5,1.0,0.05454434691348964,0.0,0.7000000000000001,0.1
72,6.0,1.0,1.0,0.5,1.0,0.8017767883211079,1.0,0.7000000000000001,0.1
73,6.0,0.0,1.0,0.75,1.0,0.3213724348408919,0.0,0.7000000000000001,0.1
74,6.0,1.0,1.0,0.0,1.0,0.95415100016747,1.0,0.7000000000000001,0.1
75,6.0,1.0,0.0,-0.5,1.0,0.2574092432636585,0.0,0.7000000000000001,0.1
76,6.0,0.0,1.0,0.75,1.0,0.4401396019519266,0.0,0.7000000000000001,0.1
77,6.0,1.0,0.0,-0.5,1.0,0.2574092432636585,1.0,0.7000000000000001,0.1
78,6.0,1.0,1.0,0.0,0.0,0.6830897287116876,1.0,0.7000000000000001,0.1
79,6.0,1.0,1.0,0.0,1.0,0.95415100016747,1.0,0.7000000000000001,0.1
80,6.0,1.0,0.0,-0.75,1.0,0.55419256072079,0.0,0.7000000000000001,0.1
81,6.0,1.0,1.0,0.0,1.0,0.9729192839451482,1.0,0.7000000000000001,0.1
82,6.0,1.0,0.0,-0.5,1.0,0.5081351483295096,1.0,0.7000000000000001,0.1
83,6.0,1.0,0.0,0.0,1.0,0.3652610262216914,1.0,0.7000000000000001,0.1
84,6.0,0.0,1.0,1.0,1.0,0.2682688110035009,1.0,0.7000000000000001,0.1
85,6.0,0.0,1.0,0.0,1.0,0.7650590825818834,1.0,0.7000000000000001,0.1
86,6.0,0.0,0.0,-0.5,1.0,0.09876224732495732,1.0,0.7000000000000001,0.1
87,6.0,0.0,0.0,0.0,1.0,0.25,0.0,0.7000000000000001,0.1
88,6.0,0.0,1.0,0.0,0.0,0.5012948327746783,0.0,0.7000000000000001,0.1
89,6.0,1.0,1.0,0.25,1.0,0.9233994655869887,1.0,0.7000000000000001,0.1
0,9.0,0.0,1.0,0.0,0.0,0.597345461647367,1.0,0.7000000000000001,0.1
1,9.0,1.0,1.0,0.0,0.0,0.7535459515636597,0.0,0.7000000000000001,0.1
2,9.0,1.0,0.0,-0.25,1.0,0.47189320649061195,1.0,0.7000000000000001,0.1
3,9.0,1.0,0.0,-0.25,1.0,0.3323212304484558,0.0,0.7000000000000001,0.1
4,9.0,0.0,1.0,0.0,0.0,0.5277892876258403,1.0,0.7000000000000001,0.1
5,9.0,1.0,1.0,0.25,1.0,0.7654261573227419,1.0,0.7000000000000001,0.1
6,9.0,1.0,0.0,-0.25,1.0,0.5822104184364011,0.0,0.7000000000000001,0.1
7,9.0,1.0,1.0,0.0,0.0,0.7300633148819936,1.0,0.7000000000000001,0.1
8,9.0,1.0,0.0,-0.25,1.0,0.6508551237425468,1.0,0.7000000000000001,0.1
9,9.0,0.0,1.0,0.0,0.0,0.597345461647367,0.0,0.7000000000000001,0.1
10,9.0,0.0,1.0,0.75,1.0,0.483738935138149,0.0,0.7000000000000001,0.1
11,9.0,0.0,1.0,0.25,1.0,0.6897660702619222,0.0,0.7000000000000001,0.1
12,9.0,1.0,1.0,0.0,1.0,0.7654261573227418,1.0,0.7000000000000001,0.1
13,9.0,0.0,0.0,-0.75,1.0,0.10492237609276064,0.0,0.7000000000000001,0.1
14,9.0,0.0,0.0,-0.25,1.0,0.20072694828561494,0.0,0.7000000000000001,0.1
15,9.0,1.0,1.0,0.5,1.0,0.6897660702619223,1.0,0.7000000000000001,0.1
16,9.0,0.0,0.0,-0.5,1.0,0.15248446315940842,0.0,0.7000000000000001,0.1
17,9.0,1.0,1.0,0.25,1.0,0.7654261573227418,0.0,0.7000000000000001,0.1
18,9.0,1.0,1.0,0.5,1.0,0.7335887981984586,1.0,0.7000000000000001,0.1
19,9.0,1.0,1.0,0.75,1.0,0.6897660702619222,1.0,0.7000000000000001,0.1
20,9.0,0.0,1.0,0.0,0.0,0.5277892876258403,0.0,0.7000000000000001,0.1
21,9.0,1.0,1.0,0.0,0.0,0.6828932195546622,0.0,0.7000000000000001,0.1
22,9.0,1.0,0.0,-0.25,1.0,0.47189320649061195,0.0,0.7000000000000001,0.1
23,9.0,1.0,1.0,0.0,0.0,0.7535459515636597,1.0,0.7000000000000001,0.1
24,9.0,0.0,1.0,1.0,1.0,0.33218518195406493,0.0,0.7000000000000001,0.1
25,9.0,1.0,1.0,0.0,1.0,0.7701139964542288,1.0,0.7000000000000001,0.1
26,9.0,1.0,1.0,0.75,1.0,0.6897660702619222,1.0,0.7000000000000001,0.1
27,9.0,1.0,1.0,0.25,1.0,0.7335887981984586,1.0,0.7000000000000001,0.1
28,9.0,1.0,1.0,0.0,1.0,0.7722477744411854,1.0,0.7000000000000001,0.1
29,9.0,1.0,1.0,0.75,1.0,0.6091129152336708,1.0,0.7000000000000001,0.1
30,9.0,1.0,0.0,-0.25,1.0,0.3323212304484558,1.0,0.7000000000000001,0.1
31,9.0,0.0,1.0,0.0,0.0,0.5277892876258403,0.0,0.7000000000000001,0.1
32,9.0,1.0,1.0,0.5,1.0,0.7654261573227418,1.0,0.7000000000000001,0.1
33,9.0,0.0,0.0,0.0,1.0,0.25,0.0,0.7000000000000001,0.1
34,9.0,0.0,1.0,0.0,0.0,0.597345461647367,0.0,0.7000000000000001,0.1
35,9.0,1.0,1.0,0.0,0.0,0.7535459515636596,0.0,0.7000000000000001,0.1
36,9.0,1.0,1.0,0.0,0.0,0.7535459515636597,1.0,0.7000000000000001,0.1
37,9.0,0.0,1.0,0.0,0.0,0.5277892876258403,0.0,0.7000000000000001,0.1
38,9.0,1.0,0.0,-0.5,1.0,0.2628525983312397,0.0,0.7000000000000001,0.1
39,9.0,1.0,1.0,0.0,1.0,0.7654261573227418,1.0,0.7000000000000001,0.1
40,9.0,1.0,1.0,0.75,1.0,0.6091129152336707,0.0,0.7000000000000001,0.1
41,9.0,0.0,1.0,0.5,1.0,0.5400242081138004,0.0,0.7000000000000001,0.1
42,9.0,0.0,0.0,-0.75,1.0,0.11697324696371145,0.0,0.7000000000000001,0.1
43,9.0,1.0,0.0,-0.25,1.0,0.5822104184364011,1.0,0.7000000000000001,0.1
44,9.0,0.0,0.0,-0.25,1.0,0.200726948285615,1.0,0.7000000000000001,0.1
45,9.0,0.0,1.0,0.0,0.0,0.597345461647367,1.0,0.7000000000000001,0.1
46,9.0,1.0,1.0,0.5,1.0,0.7552360853546543,0.0,0.7000000000000001,0.1
47,9.0,1.0,1.0,0.0,1.0,0.7722477744411854,1.0,0.7000000000000001,0.1
48,9.0,0.0,1.0,0.0,0.0,0.597345461647367,0.0,0.7000000000000001,0.1
49,9.0,0.0,0.0,-0.5,1.0,0.09003324319432511,0.0,0.7000000000000001,0.1
50,9.0,1.0,1.0,0.25,1.0,0.7654261573227418,1.0,0.7000000000000001,0.1
51,9.0,0.0,1.0,0.5,1.0,0.5400242081138004,0.0,0.7000000000000001,0.1
52,9.0,0.0,1.0,1.0,1.0,0.33218518195406493,0.0,0.7000000000000001,0.1
53,9.0,0.0,0.0,-0.25,1.0,0.20072694828561496,0.0,0.7000000000000001,0.1
54,9.0,0.0,1.0,0.75,1.0,0.4837389351381491,1.0,0.7000000000000001,0.1
55,9.0,1.0,1.0,0.0,1.0,0.7722477744411853,1.0,0.7000000000000001,0.1
56,9.0,0.0,0.0,-0.5,1.0,0.15248446315940842,0.0,0.7000000000000001,0.1
57,9.0,0.0,0.0,-0.25,1.0,0.200726948285615,0.0,0.7000000000000001,0.1
58,9.0,1.0,1.0,0.0,1.0,0.7701139964542288,0.0,0.7000000000000001,0.1
59,9.0,1.0,1.0,0.0,1.0,0.7701139964542286,0.0,0.7000000000000001,0.1
60,9.0,0.0,1.0,0.75,1.0,0.4138160665615877,1.0,0.7000000000000001,0.1
61,9.0,1.0,1.0,0.0,0.0,0.7300633148819936,1.0,0.7000000000000001,0.1
62,9.0,1.0,0.0,-0.25,1.0,0.3323212304484558,1.0,0.7000000000000001,0.1
63,9.0,1.0,0.0,-0.75,1.0,0.20794482937807762,1.0,0.7000000000000001,0.1
64,9.0,0.0,1.0,0.25,1.0,0.6261841180663599,1.0,0.7000000000000001,0.1
65,9.0,0.0,0.0,-0.25,1.0,0.15248446315940842,1.0,0.7000000000000001,0.1
66,9.0,1.0,0.0,-0.25,1.0,0.5822104184364011,0.0,0.7000000000000001,0.1
67,9.0,0.0,1.0,0.75,1.0,0.27133395363011875,0.0,0.7000000000000001,0.1
68,9.0,1.0,0.0,-0.75,1.0,0.4236520386393028,1.0,0.7000000000000001,0.1
69,9.0,1.0,1.0,0.75,1.0,0.6091129152336707,0.0,0.7000000000000001,0.1
70,9.0,0.0,0.0,-0.5,1.0,0.15248446315940842,1.0,0.7000000000000001,0.1
71,9.0,1.0,1.0,0.75,1.0,0.7335887981984586,0.0,0.7000000000000001,0.1
72,9.0,0.0,0.0,0.0,1.0,0.20072694828561494,0.0,0.7000000000000001,0.1
73,9.0,1.0,1.0,0.75,1.0,0.4837389351381491,1.0,0.7000000000000001,0.1
74,9.0,0.0,1.0,0.75,1.0,0.4837389351381491,1.0,0.7000000000000001,0.1
75,9.0,0.0,1.0,0.25,1.0,0.6897660702619222,1.0,0.7000000000000001,0.1
76,9.0,1.0,1.0,1.0,1.0,0.6897660702619222,0.0,0.7000000000000001,0.1
77,9.0,1.0,0.0,-0.25,1.0,0.3323212304484558,0.0,0.7000000000000001,0.1
78,9.0,0.0,1.0,0.0,0.0,0.5277892876258402,0.0,0.7000000000000001,0.1
79,9.0,1.0,1.0,0.5,1.0,0.6897660702619222,1.0,0.7000000000000001,0.1
80,9.0,0.0,0.0,-0.25,1.0,0.13262709758907418,0.0,0.7000000000000001,0.1
81,9.0,1.0,1.0,0.25,1.0,0.7552360853546541,1.0,0.7000000000000001,0.1
82,9.0,1.0,1.0,0.0,1.0,0.7701139964542286,1.0,0.7000000000000001,0.1
83,9.0,0.0,1.0,0.25,1.0,0.6897660702619223,1.0,0.7000000000000001,0.1
84,9.0,1.0,0.0,-0.75,1.0,0.20794482937807762,1.0,0.7000000000000001,0.1
85,9.0,1.0,1.0,0.25,1.0,0.7701139964542288,1.0,0.7000000000000001,0.1
86,9.0,1.0,1.0,0.5,1.0,0.7552360853546543,1.0,0.7000000000000001,0.1
87,9.0,0.0,1.0,1.0,1.0,0.27260155950710746,1.0,0.7000000000000001,0.1
88,9.0,1.0,1.0,0.0,0.0,0.7535459515636597,1.0,0.7000000000000001,0.1
89,9.0,1.0,1.0,0.75,1.0,0.7335887981984586,0.0,0.7000000000000001,0.1
0,10.0,1.0,1.0,0.0,0.0,0.7365414146585576,1.0,0.7000000000000001,0.1
1,10.0,0.0,1.0,0.0,0.0,0.45816200004198937,0.0,0.7000000000000001,0.1
2,10.0,1.0,1.0,1.0,1.0,0.3840876738126243,0.0,0.7000000000000001,0.1
3,10.0,1.0,0.0,0.0,1.0,0.33181050192363426,0.0,0.7000000000000001,0.1
4,10.0,1.0,1.0,0.0,0.0,0.7365414146585576,0.0,0.7000000000000001,0.1
5,10.0,1.0,1.0,1.0,1.0,0.29507990201416906,0.0,0.7000000000000001,0.1
6,10.0,1.0,1.0,0.75,1.0,0.48160099194734496,1.0,0.7000000000000001,0.1
7,10.0,1.0,1.0,0.0,0.0,0.5574600932116274,1.0,0.7000000000000001,0.1
8,10.0,1.0,1.0,0.0,1.0,0.9103566759452846,1.0,0.7000000000000001,0.1
9,10.0,1.0,1.0,0.0,0.0,0.7365414146585576,0.0,0.7000000000000001,0.1
10,10.0,1.0,1.0,0.25,1.0,0.6733948104595863,1.0,0.7000000000000001,0.1
11,10.0,1.0,0.0,-0.25,1.0,0.2991761655656188,0.0,0.7000000000000001,0.1
12,10.0,1.0,0.0,-0.75,1.0,0.21920929384931032,0.0,0.7000000000000001,0.1
13,10.0,0.0,1.0,0.75,1.0,0.3840876738126243,0.0,0.7000000000000001,0.1
14,10.0,0.0,0.0,-0.25,1.0,0.22272983269212188,0.0,0.7000000000000001,0.1
15,10.0,0.0,1.0,1.0,1.0,0.26462740815285896,1.0,0.7000000000000001,0.1
16,10.0,1.0,1.0,0.0,1.0,0.87207075689252,1.0,0.7000000000000001,0.1
17,10.0,0.0,1.0,0.25,1.0,0.5805362720735893,1.0,0.7000000000000001,0.1
18,10.0,0.0,1.0,0.75,1.0,0.38408767381262426,1.0,0.7000000000000001,0.1
19,10.0,1.0,1.0,0.0,1.0,0.87207075689252,1.0,0.7000000000000001,0.1
20,10.0,0.0,1.0,0.0,0.0,0.45816200004198937,1.0,0.7000000000000001,0.1
21,10.0,1.0,1.0,0.0,0.0,0.7365414146585576,0.0,0.7000000000000001,0.1
22,10.0,1.0,1.0,0.5,1.0,0.7543936446375227,1.0,0.7000000000000001,0.1
23,10.0,1.0,1.0,0.0,0.0,0.7365414146585576,1.0,0.7000000000000001,0.1
24,10.0,0.0,0.0,-0.25,1.0,0.22272983269212188,0.0,0.7000000000000001,0.1
25,10.0,1.0,1.0,0.25,1.0,0.8206545968643268,1.0,0.7000000000000001,0.1
26,10.0,1.0,0.0,0.0,1.0,0.621473156619562,1.0,0.7000000000000001,0.1
27,10.0,0.0,1.0,0.25,1.0,0.5805362720735893,1.0,0.7000000000000001,0.1
28,10.0,1.0,1.0,0.25,1.0,0.6733948104595863,1.0,0.7000000000000001,0.1
29,10.0,1.0,1.0,0.0,1.0,0.87207075689252,1.0,0.7000000000000001,0.1
30,10.0,1.0,0.0,0.0,1.0,0.5242811914336972,0.0,0.7000000000000001,0.1
31,10.0,1.0,1.0,0.0,0.0,0.806382523903691,1.0,0.7000000000000001,0.1
32,10.0,1.0,1.0,0.0,1.0,0.87207075689252,1.0,0.7000000000000001,0.1
33,10.0,1.0,0.0,-0.25,1.0,0.4864995426066741,0.0,0.7000000000000001,0.1
34,10.0,1.0,1.0,0.0,0.0,0.7365414146585576,1.0,0.7000000000000001,0.1
35,10.0,0.0,1.0,0.0,0.0,0.45816200004198937,0.0,0.7000000000000001,0.1
36,10.0,1.0,1.0,0.0,0.0,0.806382523903691,1.0,0.7000000000000001,0.1
37,10.0,1.0,1.0,0.0,0.0,0.5574600932116274,1.0,0.7000000000000001,0.1
38,10.0,1.0,0.0,-0.75,1.0,0.3838895967862999,1.0,0.7000000000000001,0.1
39,10.0,1.0,1.0,0.25,1.0,0.8206545968643268,1.0,0.7000000000000001,0.1
40,10.0,1.0,1.0,0.0,1.0,0.87207075689252,1.0,0.7000000000000001,0.1
41,10.0,1.0,1.0,0.0,1.0,0.7543936446375227,1.0,0.7000000000000001,0.1
42,10.0,1.0,1.0,1.0,1.0,0.6733948104595863,0.0,0.7000000000000001,0.1
43,10.0,0.0,0.0,0.0,1.0,0.25,0.0,0.7000000000000001,0.1
44,10.0,0.0,0.0,-0.25,1.0,0.22272983269212188,0.0,0.7000000000000001,0.1
45,10.0,1.0,1.0,0.0,0.0,0.7365414146585576,0.0,0.7000000000000001,0.1
46,10.0,1.0,1.0,0.0,1.0,0.87207075689252,0.0,0.7000000000000001,0.1
47,10.0,1.0,0.0,0.0,1.0,0.33181050192363426,1.0,0.7000000000000001,0.1
48,10.0,0.0,1.0,0.0,0.0,0.45816200004198937,0.0,0.7000000000000001,0.1
49,10.0,0.0,1.0,0.75,1.0,0.34899721804993805,1.0,0.7000000000000001,0.1
50,10.0,1.0,1.0,0.0,1.0,0.7543936446375228,1.0,0.7000000000000001,0.1
51,10.0,1.0,1.0,1.0,1.0,0.29507990201416906,0.0,0.7000000000000001,0.1
52,10.0,0.0,1.0,0.25,1.0,0.5433307947198762,1.0,0.7000000000000001,0.1
53,10.0,0.0,0.0,0.0,1.0,0.25,0.0,0.7000000000000001,0.1
54,10.0,0.0,1.0,1.0,1.0,0.26462740815285896,1.0,0.7000000000000001,0.1
55,10.0,1.0,1.0,1.0,1.0,0.3840876738126243,1.0,0.7000000000000001,0.1
56,10.0,1.0,0.0,-0.25,1.0,0.4864995426066741,1.0,0.7000000000000001,0.1
57,10.0,1.0,0.0,-0.25,1.0,0.48649954260667405,0.0,0.7000000000000001,0.1
58,10.0,1.0,0.0,0.0,1.0,0.25,1.0,0.7000000000000001,0.1
59,10.0,1.0,1.0,0.5,1.0,0.7543936446375228,1.0,0.7000000000000001,0.1
60,10.0,1.0,1.0,0.25,1.0,0.8206545968643268,1.0,0.7000000000000001,0.1
61,10.0,1.0,1.0,0.0,0.0,0.6523680923036548,1.0,0.7000000000000001,0.1
62,10.0,0.0,0.0,-0.75,1.0,0.1585729361887676,0.0,0.7000000000000001,0.1
63,10.0,0.0,0.0,-0.75,1.0,0.1585729361887676,0.0,0.7000000000000001,0.1
64,10.0,0.0,1.0,0.25,1.0,0.5805362720735893,1.0,0.7000000000000001,0.1
65,10.0,1.0,1.0,0.75,1.0,0.48160099194734496,1.0,0.7000000000000001,0.1
66,10.0,1.0,0.0,-0.25,1.0,0.38873814610320395,1.0,0.7000000000000001,0.1
67,10.0,1.0,1.0,0.0,1.0,0.9103566759452847,1.0,0.7000000000000001,0.1
68,10.0,1.0,1.0,0.0,1.0,0.9103566759452846,1.0,0.7000000000000001,0.1
69,10.0,1.0,1.0,0.25,1.0,0.7543936446375227,0.0,0.7000000000000001,0.1
70,10.0,1.0,1.0,0.0,1.0,0.7543936446375227,1.0,0.7000000000000001,0.1
71,10.0,1.0,1.0,0.0,1.0,0.87207075689252,1.0,0.7000000000000001,0.1
72,10.0,1.0,0.0,-0.25,1.0,0.2991761655656188,0.0,0.7000000000000001,0.1
73,10.0,1.0,1.0,0.0,1.0,0.87207075689252,1.0,0.7000000000000001,0.1
74,10.0,1.0,1.0,1.0,1.0,0.3840876738126243,0.0,0.7000000000000001,0.1
75,10.0,1.0,0.0,-0.75,1.0,0.21920929384931034,0.0,0.7000000000000001,0.1
76,10.0,1.0,0.0,0.0,1.0,0.5242811914336972,0.0,0.7000000000000001,0.1
77,10.0,1.0,0.0,0.0,1.0,0.3318105019236343,0.0,0.7000000000000001,0.1
78,10.0,1.0,1.0,0.0,0.0,0.5574600932116274,0.0,0.7000000000000001,0.1
79,10.0,1.0,1.0,0.25,1.0,0.6733948104595863,1.0,0.7000000000000001,0.1
80,10.0,1.0,0.0,-0.25,1.0,0.2991761655656188,0.0,0.7000000000000001,0.1
81,10.0,0.0,0.0,-0.25,1.0,0.22272983269212188,0.0,0.7000000000000001,0.1
82,10.0,1.0,1.0,0.5,1.0,0.5805362720735893,1.0,0.7000000000000001,0.1
83,10.0,0.0,1.0,1.0,1.0,0.29507990201416906,0.0,0.7000000000000001,0.1
84,10.0,0.0,1.0,1.0,1.0,0.29507990201416906,1.0,0.7000000000000001,0.1
85,10.0,1.0,0.0,0.0,1.0,0.5242811914336972,0.0,0.7000000000000001,0.1
86,10.0,0.0,1.0,1.0,1.0,0.29507990201416906,1.0,0.7000000000000001,0.1
87,10.0,0.0,1.0,1.0,1.0,0.29507990201416906,1.0,0.7000000000000001,0.1
88,10.0,1.0,1.0,0.0,0.0,0.806382523903691,1.0,0.7000000000000001,0.1
89,10.0,1.0,0.0,-0.25,1.0,0.4864995426066741,0.0,0.7000000000000001,0.1
0,11.0,0.0,1.0,0.0,0.0,0.42307414776531466,0.0,0.7000000000000001,0.1
1,11.0,0.0,1.0,0.0,0.0,0.4653904362321576,0.0,0.7000000000000001,0.1
2,11.0,1.0,1.0,0.75,1.0,0.511739377836949,1.0,0.7000000000000001,0.1
3,11.0,0.0,0.0,-0.75,1.0,0.1469349808979794,0.0,0.7000000000000001,0.1
4,11.0,0.0,1.0,0.0,0.0,0.42307414776531466,1.0,0.7000000000000001,0.1
5,11.0,0.0,1.0,0.75,1.0,0.401663992842297,0.0,0.7000000000000001,0.1
6,11.0,1.0,1.0,0.0,1.0,0.9067412938523608,1.0,0.7000000000000001,0.1
7,11.0,1.0,1.0,0.0,0.0,0.6796895470589204,0.0,0.7000000000000001,0.1
8,11.0,1.0,0.0,-0.5,1.0,0.1839053647499643,0.0,0.7000000000000001,0.1
9,11.0,0.0,1.0,0.0,0.0,0.3704803356499339,0.0,0.7000000000000001,0.1
10,11.0,0.0,0.0,-0.25,1.0,0.18390536474996433,1.0,0.7000000000000001,0.1
11,11.0,1.0,0.0,-0.25,1.0,0.21923695120087372,0.0,0.7000000000000001,0.1
12,11.0,0.0,0.0,-0.25,1.0,0.18390536474996433,1.0,0.7000000000000001,0.1
13,11.0,0.0,1.0,0.75,1.0,0.3612269288958106,1.0,0.7000000000000001,0.1
14,11.0,0.0,0.0,0.0,1.0,0.21923695120087375,1.0,0.7000000000000001,0.1
15,11.0,0.0,0.0,-0.25,1.0,0.1952152821913259,1.0,0.7000000000000001,0.1
16,11.0,1.0,0.0,-0.25,1.0,0.3047847178086741,1.0,0.7000000000000001,0.1
17,11.0,0.0,1.0,0.25,1.0,0.5252216087782604,1.0,0.7000000000000001,0.1
18,11.0,0.0,0.0,-0.75,1.0,0.1469349808979794,1.0,0.7000000000000001,0.1
19,11.0,0.0,1.0,0.75,1.0,0.36122692889581054,1.0,0.7000000000000001,0.1
20,11.0,0.0,1.0,0.0,0.0,0.4653904362321575,0.0,0.7000000000000001,0.1
21,11.0,1.0,1.0,0.0,0.0,0.576114421168519,0.0,0.7000000000000001,0.1
22,11.0,0.0,1.0,0.75,1.0,0.36122692889581065,1.0,0.7000000000000001,0.1
23,11.0,1.0,1.0,0.0,0.0,0.8379903795322972,1.0,0.7000000000000001,0.1
24,11.0,0.0,0.0,0.0,1.0,0.25,1.0,0.7000000000000001,0.1
25,11.0,1.0,1.0,0.75,1.0,0.511739377836949,1.0,0.7000000000000001,0.1
26,11.0,0.0,0.0,-0.5,1.0,0.1469349808979794,0.0,0.7000000000000001,0.1
27,11.0,1.0,0.0,-0.25,1.0,0.21923695120087372,0.0,0.7000000000000001,0.1
28,11.0,0.0,0.0,0.0,1.0,0.21923695120087375,0.0,0.7000000000000001,0.1
29,11.0,0.0,1.0,0.75,1.0,0.4016639928422969,0.0,0.7000000000000001,0.1
30,11.0,1.0,0.0,-0.25,1.0,0.21923695120087375,0.0,0.7000000000000001,0.1
31,11.0,0.0,1.0,0.0,0.0,0.4653904362321576,1.0,0.7000000000000001,0.1
32,11.0,1.0,1.0,0.0,1.0,0.9381955179736494,1.0,0.7000000000000001,0.1
33,11.0,1.0,0.0,-0.25,1.0,0.21923695120087375,0.0,0.7000000000000001,0.1
34,11.0,1.0,1.0,0.0,0.0,0.576114421168519,1.0,0.7000000000000001,0.1
35,11.0,0.0,1.0,0.0,0.0,0.3102623046600229,0.0,0.7000000000000001,0.1
36,11.0,1.0,1.0,0.0,0.0,0.7681417651291789,1.0,0.7000000000000001,0.1
37,11.0,0.0,1.0,0.0,0.0,0.4653904362321575,0.0,0.7000000000000001,0.1
38,11.0,0.0,0.0,0.0,1.0,0.25,0.0,0.7000000000000001,0.1
39,11.0,1.0,1.0,0.25,1.0,0.8616398175748529,1.0,0.7000000000000001,0.1
40,11.0,1.0,1.0,0.75,1.0,0.7186897458625569,0.0,0.7000000000000001,0.1
41,11.0,1.0,1.0,0.75,1.0,0.4016639928422969,0.0,0.7000000000000001,0.1
42,11.0,1.0,0.0,-0.25,1.0,0.5165913001416735,1.0,0.7000000000000001,0.1
43,11.0,1.0,1.0,0.75,1.0,0.401663992842297,0.0,0.7000000000000001,0.1
44,11.0,1.0,1.0,0.75,1.0,0.718689745862557,0.0,0.7000000000000001,0.1
45,11.0,0.0,1.0,0.0,0.0,0.42307414776531466,0.0,0.7000000000000001,0.1
46,11.0,1.0,1.0,0.25,1.0,0.8616398175748529,1.0,0.7000000000000001,0.1
47,11.0,1.0,0.0,-0.75,1.0,0.21192799978184426,0.0,0.7000000000000001,0.1
48,11.0,0.0,1.0,0.0,0.0,0.42307414776531466,0.0,0.7000000000000001,0.1
49,11.0,1.0,0.0,0.0,1.0,0.44828390575010707,0.0,0.7000000000000001,0.1
50,11.0,1.0,0.0,-0.25,1.0,0.3047847178086741,0.0,0.7000000000000001,0.1
51,11.0,1.0,1.0,0.0,1.0,0.9381955179736494,1.0,0.7000000000000001,0.1
52,11.0,0.0,0.0,-0.25,1.0,0.21923695120087375,0.0,0.7000000000000001,0.1
53,11.0,0.0,0.0,-0.25,1.0,0.1839053647499643,0.0,0.7000000000000001,0.1
54,11.0,0.0,0.0,-0.25,1.0,0.1666985015449351,1.0,0.7000000000000001,0.1
55,11.0,1.0,0.0,-0.25,1.0,0.21923695120087375,0.0,0.7000000000000001,0.1
56,11.0,0.0,1.0,0.75,1.0,0.36122692889581054,1.0,0.7000000000000001,0.1
57,11.0,1.0,1.0,0.25,1.0,0.6206878613683193,1.0,0.7000000000000001,0.1
58,11.0,0.0,1.0,0.75,1.0,0.36122692889581065,1.0,0.7000000000000001,0.1
59,11.0,1.0,1.0,0.25,1.0,0.8616398175748529,1.0,0.7000000000000001,0.1
60,11.0,0.0,1.0,0.75,1.0,0.36122692889581065,1.0,0.7000000000000001,0.1
61,11.0,1.0,1.0,0.0,0.0,0.7681417651291789,1.0,0.7000000000000001,0.1
62,11.0,0.0,1.0,0.75,1.0,0.25754460269310503,0.0,0.7000000000000001,0.1
63,11.0,1.0,0.0,-0.5,1.0,0.18390536474996433,1.0,0.7000000000000001,0.1
64,11.0,0.0,1.0,0.75,1.0,0.36122692889581054,1.0,0.7000000000000001,0.1
65,11.0,0.0,0.0,-0.75,1.0,0.1469349808979794,0.0,0.7000000000000001,0.1
66,11.0,0.0,1.0,0.25,1.0,0.5795588173020524,0.0,0.7000000000000001,0.1
67,11.0,1.0,1.0,0.75,1.0,0.401663992842297,1.0,0.7000000000000001,0.1
68,11.0,1.0,0.0,-0.25,1.0,0.3047847178086741,1.0,0.7000000000000001,0.1
69,11.0,0.0,0.0,-0.25,1.0,0.1952152821913259,0.0,0.7000000000000001,0.1
70,11.0,0.0,1.0,0.25,1.0,0.6206878613683193,0.0,0.7000000000000001,0.1
71,11.0,0.0,1.0,0.75,1.0,0.401663992842297,0.0,0.7000000000000001,0.1
72,11.0,1.0,1.0,0.0,1.0,0.9067412938523607,1.0,0.7000000000000001,0.1
73,11.0,1.0,1.0,0.25,1.0,0.7995484104707192,1.0,0.7000000000000001,0.1
74,11.0,1.0,1.0,0.75,1.0,0.6206878613683193,0.0,0.7000000000000001,0.1
75,11.0,0.0,0.0,-0.25,1.0,0.21923695120087375,0.0,0.7000000000000001,0.1
76,11.0,0.0,0.0,-0.25,1.0,0.1952152821913259,0.0,0.7000000000000001,0.1
77,11.0,1.0,1.0,0.25,1.0,0.799548410470719,1.0,0.7000000000000001,0.1
78,11.0,0.0,1.0,0.0,0.0,0.42307414776531466,0.0,0.7000000000000001,0.1
79,11.0,0.0,1.0,0.75,1.0,0.401663992842297,1.0,0.7000000000000001,0.1
80,11.0,0.0,0.0,-0.5,1.0,0.1666985015449351,0.0,0.7000000000000001,0.1
81,11.0,0.0,0.0,-0.25,1.0,0.21923695120087375,0.0,0.7000000000000001,0.1
82,11.0,1.0,0.0,0.0,1.0,0.3422891463973788,0.0,0.7000000000000001,0.1
83,11.0,0.0,0.0,-0.25,1.0,0.21923695120087375,1.0,0.7000000000000001,0.1
84,11.0,1.0,0.0,-0.75,1.0,0.14693498089797943,0.0,0.7000000000000001,0.1
85,11.0,1.0,1.0,0.25,1.0,0.718689745862557,1.0,0.7000000000000001,0.1
86,11.0,1.0,1.0,0.75,1.0,0.401663992842297,1.0,0.7000000000000001,0.1
87,11.0,0.0,0.0,-0.25,1.0,0.14693498089797943,0.0,0.7000000000000001,0.1
88,11.0,0.0,1.0,0.0,0.0,0.42307414776531466,1.0,0.7000000000000001,0.1
89,11.0,0.0,0.0,-0.75,1.0,0.1469349808979794,0.0,0.7000000000000001,0.1
0,16.0,0.0,1.0,0.0,0.0,0.3590436142806866,0.0,0.7000000000000001,0.1
1,16.0,0.0,1.0,0.0,0.0,0.4511831916628468,0.0,0.7000000000000001,0.1
2,16.0,1.0,1.0,1.0,1.0,0.35487456394084427,1.0,0.7000000000000001,0.1
3,16.0,0.0,0.0,-0.25,1.0,0.18508953361648622,0.0,0.7000000000000001,0.1
4,16.0,1.0,1.0,0.0,0.0,0.4511831916628468,1.0,0.7000000000000001,0.1
5,16.0,0.0,0.0,0.0,1.0,0.25,0.0,0.7000000000000001,0.1
6,16.0,0.0,0.0,0.0,1.0,0.25,0.0,0.7000000000000001,0.1
7,16.0,0.0,1.0,0.0,0.0,0.4511831916628468,1.0,0.7000000000000001,0.1
8,16.0,0.0,0.0,0.0,1.0,0.25,0.0,0.7000000000000001,0.1
9,16.0,0.0,1.0,0.0,0.0,0.4511831916628468,0.0,0.7000000000000001,0.1
10,16.0,1.0,1.0,0.25,1.0,0.9906418420524019,1.0,0.7000000000000001,0.1
11,16.0,0.0,0.0,-0.25,1.0,0.11398085957738947,1.0,0.7000000000000001,0.1
12,16.0,1.0,1.0,0.75,1.0,0.5692888922096812,0.0,0.7000000000000001,0.1
13,16.0,1.0,0.0,0.0,1.0,0.25,1.0,0.7000000000000001,0.1
14,16.0,1.0,1.0,0.75,1.0,0.7605288819465753,1.0,0.7000000000000001,0.1
15,16.0,0.0,0.0,0.0,1.0,0.25,0.0,0.7000000000000001,0.1
16,16.0,0.0,0.0,0.0,1.0,0.25,0.0,0.7000000000000001,0.1
17,16.0,0.0,0.0,0.0,1.0,0.25,0.0,0.7000000000000001,0.1
18,16.0,0.0,0.0,0.0,1.0,0.25,0.0,0.7000000000000001,0.1
19,16.0,0.0,0.0,0.0,1.0,0.25,1.0,0.7000000000000001,0.1
20,16.0,0.0,1.0,0.0,0.0,0.4511831916628468,1.0,0.7000000000000001,0.1
21,16.0,0.0,1.0,0.0,0.0,0.4511831916628468,0.0,0.7000000000000001,0.1
22,16.0,1.0,1.0,0.0,1.0,0.9960839007268829,1.0,0.7000000000000001,0.1
23,16.0,1.0,1.0,0.0,0.0,0.4511831916628468,1.0,0.7000000000000001,0.1
24,16.0,0.0,0.0,-0.25,1.0,0.11398085957738946,0.0,0.7000000000000001,0.1
25,16.0,1.0,0.0,0.0,1.0,0.25,1.0,0.7000000000000001,0.1
26,16.0,1.0,0.0,0.0,1.0,0.25,0.0,0.7000000000000001,0.1
27,16.0,1.0,0.0,0.0,1.0,0.4447313991505412,1.0,0.7000000000000001,0.1
28,16.0,1.0,1.0,0.75,1.0,0.7605288819465753,1.0,0.7000000000000001,0.1
29,16.0,0.0,0.0,0.0,1.0,0.25,1.0,0.7000000000000001,0.1
30,16.0,0.0,1.0,1.0,1.0,0.35487456394084427,0.0,0.7000000000000001,0.1
31,16.0,0.0,1.0,0.0,0.0,0.4511831916628468,0.0,0.7000000000000001,0.1
32,16.0,1.0,1.0,0.25,1.0,0.9482818473136121,1.0,0.7000000000000001,0.1
33,16.0,1.0,1.0,1.0,1.0,0.35487456394084427,0.0,0.7000000000000001,0.1
34,16.0,0.0,1.0,0.0,0.0,0.4511831916628468,1.0,0.7000000000000001,0.1
35,16.0,0.0,1.0,0.0,0.0,0.4511831916628468,0.0,0.7000000000000001,0.1
36,16.0,1.0,1.0,0.0,0.0,0.9193835916914502,1.0,0.7000000000000001,0.1
37,16.0,0.0,1.0,0.0,0.0,0.4511831916628468,0.0,0.7000000000000001,0.1
38,16.0,1.0,1.0,0.75,1.0,0.7605288819465753,1.0,0.7000000000000001,0.1
39,16.0,0.0,0.0,-0.25,1.0,0.11398085957738946,0.0,0.7000000000000001,0.1
40,16.0,1.0,0.0,0.0,1.0,0.25,1.0,0.7000000000000001,0.1
41,16.0,1.0,1.0,0.75,1.0,0.7605288819465753,1.0,0.7000000000000001,0.1
42,16.0,0.0,1.0,1.0,1.0,0.35487456394084427,0.0,0.7000000000000001,0.1
43,16.0,0.0,0.0,0.0,1.0,0.25,0.0,0.7000000000000001,0.1
44,16.0,0.0,0.0,0.0,1.0,0.25,0.0,0.7000000000000001,0.1
45,16.0,0.0,1.0,0.0,0.0,0.4511831916628468,0.0,0.7000000000000001,0.1
46,16.0,0.0,0.0,0.0,1.0,0.25,0.0,0.7000000000000001,0.1
47,16.0,0.0,0.0,0.0,1.0,0.25,0.0,0.7000000000000001,0.1
48,16.0,1.0,1.0,0.0,0.0,0.4511831916628468,0.0,0.7000000000000001,0.1
49,16.0,0.0,0.0,0.0,1.0,0.25,1.0,0.7000000000000001,0.1
50,16.0,1.0,1.0,0.0,1.0,0.9960839007268831,1.0,0.7000000000000001,0.1
51,16.0,0.0,0.0,0.0,1.0,0.25,0.0,0.7000000000000001,0.1
52,16.0,1.0,1.0,1.0,1.0,0.35487456394084427,1.0,0.7000000000000001,0.1
53,16.0,1.0,0.0,0.0,1.0,0.25,0.0,0.7000000000000001,0.1
54,16.0,0.0,1.0,1.0,1.0,0.35487456394084427,1.0,0.7000000000000001,0.1
55,16.0,0.0,0.0,-0.25,1.0,0.18508953361648622,0.0,0.7000000000000001,0.1
56,16.0,0.0,0.0,0.0,1.0,0.25,1.0,0.7000000000000001,0.1
57,16.0,0.0,0.0,0.0,1.0,0.25,0.0,0.7000000000000001,0.1
58,16.0,1.0,1.0,1.0,1.0,0.35487456394084427,0.0,0.7000000000000001,0.1
59,16.0,0.0,0.0,0.0,1.0,0.25,0.0,0.7000000000000001,0.1
60,16.0,1.0,0.0,0.0,1.0,0.25,0.0,0.7000000000000001,0.1
61,16.0,1.0,1.0,0.0,0.0,0.6639037423530656,1.0,0.7000000000000001,0.1
62,16.0,0.0,0.0,0.0,1.0,0.25,1.0,0.7000000000000001,0.1
63,16.0,1.0,0.0,0.0,1.0,0.25,0.0,0.7000000000000001,0.1
64,16.0,0.0,0.0,0.0,1.0,0.25,0.0,0.7000000000000001,0.1
65,16.0,0.0,0.0,0.0,1.0,0.25,0.0,0.7000000000000001,0.1
66,16.0,1.0,1.0,0.25,1.0,0.9906418420524018,1.0,0.7000000000000001,0.1
67,16.0,1.0,1.0,0.75,1.0,0.7605288819465753,1.0,0.7000000000000001,0.1
68,16.0,0.0,0.0,0.0,1.0,0.25,0.0,0.7000000000000001,0.1
69,16.0,0.0,0.0,0.0,1.0,0.25,0.0,0.7000000000000001,0.1
70,16.0,0.0,0.0,0.0,1.0,0.25,0.0,0.7000000000000001,0.1
71,16.0,0.0,0.0,0.0,1.0,0.25,0.0,0.7000000000000001,0.1
72,16.0,1.0,1.0,1.0,1.0,0.5692888922096813,1.0,0.7000000000000001,0.1
73,16.0,0.0,0.0,0.0,1.0,0.25,0.0,0.7000000000000001,0.1
74,16.0,1.0,1.0,0.75,1.0,0.9482818473136121,1.0,0.7000000000000001,0.1
75,16.0,0.0,1.0,1.0,1.0,0.35487456394084427,0.0,0.7000000000000001,0.1
76,16.0,0.0,0.0,0.0,1.0,0.25,0.0,0.7000000000000001,0.1
77,16.0,1.0,0.0,0.0,1.0,0.25,0.0,0.7000000000000001,0.1
78,16.0,1.0,1.0,0.0,0.0,0.4511831916628468,0.0,0.7000000000000001,0.1
79,16.0,0.0,0.0,0.0,1.0,0.18508953361648622,1.0,0.7000000000000001,0.1
80,16.0,0.0,0.0,0.0,1.0,0.25,0.0,0.7000000000000001,0.1
81,16.0,0.0,0.0,0.0,1.0,0.25,1.0,0.7000000000000001,0.1
82,16.0,1.0,1.0,1.0,1.0,0.35487456394084427,1.0,0.7000000000000001,0.1
83,16.0,0.0,0.0,-0.25,1.0,0.18508953361648622,0.0,0.7000000000000001,0.1
84,16.0,0.0,0.0,0.0,1.0,0.25,1.0,0.7000000000000001,0.1
85,16.0,1.0,1.0,0.25,1.0,0.9482818473136121,1.0,0.7000000000000001,0.1
86,16.0,0.0,0.0,0.0,1.0,0.25,0.0,0.7000000000000001,0.1
87,16.0,0.0,0.0,0.0,1.0,0.25,0.0,0.7000000000000001,0.1
88,16.0,1.0,1.0,0.0,0.0,0.4511831916628468,0.0,0.7000000000000001,0.1
89,16.0,0.0,0.0,0.0,1.0,0.25,0.0,0.7000000000000001,0.1
0,17.0,1.0,1.0,0.0,0.0,0.6466096495983926,1.0,0.7000000000000001,0.1
1,17.0,1.0,1.0,0.0,0.0,0.4794136215698346,0.0,0.7000000000000001,0.1
2,17.0,0.0,0.0,-0.25,1.0,0.18530746333232376,1.0,0.7000000000000001,0.1
3,17.0,1.0,0.0,-0.25,1.0,0.2924936260626519,1.0,0.7000000000000001,0.1
4,17.0,1.0,1.0,0.0,0.0,0.4794136215698347,0.0,0.7000000000000001,0.1
5,17.0,0.0,0.0,-0.25,1.0,0.20750637393734808,0.0,0.7000000000000001,0.1
6,17.0,0.0,0.0,-0.25,1.0,0.22677976281677384,0.0,0.7000000000000001,0.1
7,17.0,1.0,1.0,0.0,0.0,0.6466096495983926,1.0,0.7000000000000001,0.1
8,17.0,1.0,0.0,0.0,1.0,0.31966071154967846,0.0,0.7000000000000001,0.1
9,17.0,0.0,1.0,0.0,0.0,0.2899129945098415,1.0,0.7000000000000001,0.1
10,17.0,0.0,0.0,-0.25,1.0,0.20052649497370745,0.0,0.7000000000000001,0.1
11,17.0,1.0,0.0,-0.25,1.0,0.2924936260626519,1.0,0.7000000000000001,0.1
12,17.0,1.0,1.0,0.25,1.0,0.7608295832359917,1.0,0.7000000000000001,0.1
13,17.0,1.0,0.0,-0.25,1.0,0.2924936260626519,0.0,0.7000000000000001,0.1
14,17.0,0.0,0.0,-0.25,1.0,0.22677976281677387,0.0,0.7000000000000001,0.1
15,17.0,1.0,0.0,-0.25,1.0,0.2924936260626519,0.0,0.7000000000000001,0.1
16,17.0,1.0,0.0,-0.25,1.0,0.45097250971391833,1.0,0.7000000000000001,0.1
17,17.0,1.0,0.0,-0.25,1.0,0.22677976281677384,1.0,0.7000000000000001,0.1
18,17.0,1.0,0.0,-0.25,1.0,0.2267797628167738,0.0,0.7000000000000001,0.1
19,17.0,1.0,1.0,0.75,1.0,0.5318046572414182,1.0,0.7000000000000001,0.1
20,17.0,0.0,1.0,0.0,0.0,0.39516007320828944,0.0,0.7000000000000001,0.1
21,17.0,0.0,1.0,0.0,0.0,0.3650191088107021,0.0,0.7000000000000001,0.1
22,17.0,1.0,1.0,0.25,1.0,0.7608295832359917,1.0,0.7000000000000001,0.1
23,17.0,1.0,1.0,0.0,0.0,0.7206021323310419,1.0,0.7000000000000001,0.1
24,17.0,0.0,0.0,-0.25,1.0,0.22677976281677384,0.0,0.7000000000000001,0.1
25,17.0,0.0,0.0,0.0,1.0,0.22677976281677387,0.0,0.7000000000000001,0.1
26,17.0,0.0,0.0,-0.75,1.0,0.0922211648536763,0.0,0.7000000000000001,0.1
27,17.0,0.0,0.0,-0.25,1.0,0.20750637393734808,1.0,0.7000000000000001,0.1
28,17.0,1.0,1.0,0.0,1.0,0.8176511033679341,1.0,0.7000000000000001,0.1
29,17.0,0.0,0.0,-0.25,1.0,0.22677976281677384,1.0,0.7000000000000001,0.1
30,17.0,1.0,1.0,0.25,1.0,0.7608295832359917,0.0,0.7000000000000001,0.1
31,17.0,0.0,1.0,0.0,0.0,0.39516007320828944,0.0,0.7000000000000001,0.1
32,17.0,1.0,1.0,0.0,1.0,0.817651103367934,1.0,0.7000000000000001,0.1
33,17.0,1.0,1.0,0.75,1.0,0.36373929525355486,0.0,0.7000000000000001,0.1
34,17.0,1.0,1.0,0.0,0.0,0.6466096495983925,0.0,0.7000000000000001,0.1
35,17.0,1.0,1.0,0.0,0.0,0.39516007320828944,0.0,0.7000000000000001,0.1
36,17.0,0.0,1.0,0.0,0.0,0.39516007320828944,1.0,0.7000000000000001,0.1
37,17.0,1.0,1.0,0.0,0.0,0.4794136215698347,0.0,0.7000000000000001,0.1
38,17.0,0.0,0.0,0.0,1.0,0.22677976281677387,0.0,0.7000000000000001,0.1
39,17.0,1.0,0.0,-0.25,1.0,0.2924936260626519,1.0,0.7000000000000001,0.1
40,17.0,1.0,1.0,0.75,1.0,0.6155426652031469,0.0,0.7000000000000001,0.1
41,17.0,0.0,0.0,-0.25,1.0,0.22677976281677384,1.0,0.7000000000000001,0.1
42,17.0,0.0,0.0,-0.25,1.0,0.22677976281677387,0.0,0.7000000000000001,0.1
43,17.0,0.0,1.0,0.75,1.0,0.26321891664312236,0.0,0.7000000000000001,0.1
44,17.0,0.0,0.0,0.0,1.0,0.22677976281677387,0.0,0.7000000000000001,0.1
45,17.0,1.0,1.0,0.0,0.0,0.4794136215698347,0.0,0.7000000000000001,0.1
46,17.0,0.0,1.0,0.25,1.0,0.49985458386666654,0.0,0.7000000000000001,0.1
47,17.0,0.0,0.0,0.0,1.0,0.25,0.0,0.7000000000000001,0.1
48,17.0,0.0,1.0,0.0,0.0,0.3650191088107021,0.0,0.7000000000000001,0.1
49,17.0,0.0,0.0,0.0,1.0,0.2267797628167738,0.0,0.7000000000000001,0.1
50,17.0,1.0,1.0,0.0,1.0,0.817651103367934,1.0,0.7000000000000001,0.1
51,17.0,1.0,0.0,0.0,1.0,0.48281431319376006,0.0,0.7000000000000001,0.1
52,17.0,0.0,0.0,-0.25,1.0,0.2267797628167738,0.0,0.7000000000000001,0.1
53,17.0,1.0,0.0,-0.25,1.0,0.2924936260626519,0.0,0.7000000000000001,0.1
54,17.0,0.0,0.0,-0.25,1.0,0.22677976281677384,0.0,0.7000000000000001,0.1
55,17.0,0.0,0.0,-0.25,1.0,0.22677976281677384,1.0,0.7000000000000001,0.1
56,17.0,0.0,0.0,0.0,1.0,0.25,0.0,0.7000000000000001,0.1
57,17.0,1.0,0.0,-0.75,1.0,0.22697610559770579,1.0,0.7000000000000001,0.1
58,17.0,0.0,0.0,-0.25,1.0,0.20750637393734808,0.0,0.7000000000000001,0.1
59,17.0,1.0,1.0,0.0,1.0,0.817651103367934,1.0,0.7000000000000001,0.1
60,17.0,0.0,0.0,-0.25,1.0,0.2267797628167738,0.0,0.7000000000000001,0.1
61,17.0,1.0,1.0,0.0,0.0,0.7206021323310419,1.0,0.7000000000000001,0.1
62,17.0,1.0,1.0,0.75,1.0,0.446236112805254,0.0,0.7000000000000001,0.1
63,17.0,1.0,1.0,0.25,1.0,0.7608295832359917,1.0,0.7000000000000001,0.1
64,17.0,0.0,0.0,-0.25,1.0,0.22677976281677384,0.0,0.7000000000000001,0.1
65,17.0,0.0,0.0,-0.25,1.0,0.20750637393734808,0.0,0.7000000000000001,0.1
66,17.0,1.0,1.0,0.75,1.0,0.44623611280525405,0.0,0.7000000000000001,0.1
67,17.0,0.0,1.0,0.75,1.0,0.33466886223646564,0.0,0.7000000000000001,0.1
68,17.0,1.0,1.0,0.75,1.0,0.446236112805254,1.0,0.7000000000000001,0.1
69,17.0,1.0,1.0,0.25,1.0,0.7608295832359917,1.0,0.7000000000000001,0.1
70,17.0,0.0,1.0,0.75,1.0,0.33466886223646564,0.0,0.7000000000000001,0.1
71,17.0,0.0,0.0,-0.25,1.0,0.2267797628167738,0.0,0.7000000000000001,0.1
72,17.0,0.0,1.0,0.0,1.0,0.44677385455099566,1.0,0.7000000000000001,0.1
73,17.0,1.0,0.0,0.0,1.0,0.31966071154967846,1.0,0.7000000000000001,0.1
74,17.0,0.0,1.0,0.0,1.0,0.44677385455099566,1.0,0.7000000000000001,0.1
75,17.0,0.0,0.0,-0.25,1.0,0.20052649497370745,0.0,0.7000000000000001,0.1
76,17.0,1.0,1.0,0.75,1.0,0.6155426652031469,1.0,0.7000000000000001,0.1
77,17.0,1.0,0.0,-0.25,1.0,0.2924936260626519,0.0,0.7000000000000001,0.1
78,17.0,0.0,1.0,0.0,0.0,0.39516007320828944,0.0,0.7000000000000001,0.1
79,17.0,1.0,1.0,0.75,1.0,0.6155426652031469,1.0,0.7000000000000001,0.1
80,17.0,1.0,0.0,-0.25,1.0,0.45097250971391833,0.0,0.7000000000000001,0.1
81,17.0,0.0,0.0,-0.75,1.0,0.14393333122998817,0.0,0.7000000000000001,0.1
82,17.0,1.0,1.0,0.25,1.0,0.7608295832359916,1.0,0.7000000000000001,0.1
83,17.0,1.0,1.0,1.0,1.0,0.36373929525355486,1.0,0.7000000000000001,0.1
84,17.0,1.0,0.0,-0.25,1.0,0.2924936260626519,1.0,0.7000000000000001,0.1
85,17.0,1.0,1.0,0.25,1.0,0.7608295832359917,1.0,0.7000000000000001,0.1
86,17.0,1.0,0.0,0.0,1.0,0.3196607115496784,0.0,0.7000000000000001,0.1
87,17.0,1.0,1.0,0.75,1.0,0.44623611280525394,1.0,0.7000000000000001,0.1
88,17.0,1.0,1.0,0.0,0.0,0.6466096495983925,0.0,0.7000000000000001,0.1
89,17.0,0.0,0.0,0.0,1.0,0.2267797628167738,0.0,0.7000000000000001,0.1
0,18.0,1.0,1.0,0.0,0.0,0.4110539984070405,0.0,0.7000000000000001,0.1
1,18.0,1.0,1.0,0.0,0.0,0.4110539984070405,0.0,0.7000000000000001,0.1
2,18.0,0.0,0.0,0.0,1.0,0.25,0.0,0.7000000000000001,0.1
3,18.0,0.0,0.0,0.0,1.0,0.25,0.0,0.7000000000000001,0.1
4,18.0,0.0,1.0,0.0,0.0,0.4110539984070405,0.0,0.7000000000000001,0.1
5,18.0,1.0,1.0,1.0,1.0,0.33082021548560653,1.0,0.7000000000000001,0.1
6,18.0,1.0,1.0,0.25,1.0,0.9687484382794941,1.0,0.7000000000000001,0.1
7,18.0,0.0,1.0,0.0,0.0,0.4110539984070405,1.0,0.7000000000000001,0.1
8,18.0,1.0,1.0,1.0,1.0,0.33082021548560653,1.0,0.7000000000000001,0.1
9,18.0,0.0,1.0,0.0,0.0,0.4110539984070405,0.0,0.7000000000000001,0.1
10,18.0,0.0,0.0,0.0,1.0,0.25,1.0,0.7000000000000001,0.1
11,18.0,0.0,0.0,0.0,1.0,0.25,0.0,0.7000000000000001,0.1
12,18.0,0.0,1.0,1.0,1.0,0.33082021548560653,1.0,0.7000000000000001,0.1
13,18.0,0.0,0.0,0.0,1.0,0.25,0.0,0.7000000000000001,0.1
14,18.0,0.0,0.0,0.0,1.0,0.25,0.0,0.7000000000000001,0.1
15,18.0,1.0,0.0,0.0,1.0,0.25,0.0,0.7000000000000001,0.1
16,18.0,0.0,0.0,0.0,1.0,0.25,0.0,0.7000000000000001,0.1
17,18.0,1.0,0.0,0.0,1.0,0.25,1.0,0.7000000000000001,0.1
18,18.0,0.0,0.0,0.0,1.0,0.25,0.0,0.7000000000000001,0.1
19,18.0,1.0,0.0,0.0,1.0,0.25,1.0,0.7000000000000001,0.1
20,18.0,0.0,1.0,0.0,0.0,0.4110539984070405,0.0,0.7000000000000001,0.1
21,18.0,1.0,1.0,0.0,0.0,0.4110539984070405,0.0,0.7000000000000001,0.1
22,18.0,0.0,0.0,0.0,1.0,0.25,0.0,0.7000000000000001,0.1
23,18.0,0.0,1.0,0.0,0.0,0.4110539984070405,1.0,0.7000000000000001,0.1
24,18.0,0.0,0.0,0.0,1.0,0.25,0.0,0.7000000000000001,0.1
25,18.0,0.0,0.0,-0.75,1.0,0.0915873495276393,0.0,0.7000000000000001,0.1
26,18.0,0.0,0.0,0.0,1.0,0.25,1.0,0.7000000000000001,0.1
27,18.0,0.0,0.0,0.0,1.0,0.25,1.0,0.7000000000000001,0.1
28,18.0,0.0,0.0,0.0,1.0,0.25,0.0,0.7000000000000001,0.1
29,18.0,1.0,1.0,0.25,1.0,0.9687484382794941,1.0,0.7000000000000001,0.1
30,18.0,0.0,0.0,0.0,1.0,0.25,0.0,0.7000000000000001,0.1
31,18.0,0.0,1.0,0.0,0.0,0.4110539984070405,1.0,0.7000000000000001,0.1
32,18.0,1.0,1.0,0.0,1.0,0.9919452562806563,1.0,0.7000000000000001,0.1
33,18.0,0.0,0.0,0.0,1.0,0.25,0.0,0.7000000000000001,0.1
34,18.0,0.0,1.0,0.0,0.0,0.4110539984070405,1.0,0.7000000000000001,0.1
35,18.0,0.0,1.0,0.0,0.0,0.4110539984070405,0.0,0.7000000000000001,0.1
36,18.0,1.0,1.0,0.0,0.0,0.4110539984070405,1.0,0.7000000000000001,0.1
37,18.0,0.0,1.0,0.0,0.0,0.4110539984070405,0.0,0.7000000000000001,0.1
38,18.0,1.0,1.0,1.0,1.0,0.6626203648783373,1.0,0.7000000000000001,0.1
39,18.0,1.0,1.0,0.0,1.0,0.9919452562806563,1.0,0.7000000000000001,0.1
40,18.0,0.0,0.0,0.0,1.0,0.25,0.0,0.7000000000000001,0.1
41,18.0,0.0,0.0,0.0,1.0,0.25,0.0,0.7000000000000001,0.1
42,18.0,1.0,1.0,1.0,1.0,0.33082021548560653,1.0,0.7000000000000001,0.1
43,18.0,0.0,1.0,1.0,1.0,0.33082021548560653,0.0,0.7000000000000001,0.1
44,18.0,1.0,0.0,0.0,1.0,0.25,0.0,0.7000000000000001,0.1
45,18.0,0.0,1.0,0.0,0.0,0.4110539984070405,1.0,0.7000000000000001,0.1
46,18.0,1.0,1.0,0.0,1.0,0.9919452562806563,1.0,0.7000000000000001,0.1
47,18.0,0.0,1.0,1.0,1.0,0.27082213687780987,0.0,0.7000000000000001,0.1
48,18.0,0.0,1.0,0.0,0.0,0.4110539984070405,0.0,0.7000000000000001,0.1
49,18.0,0.0,0.0,0.0,1.0,0.25,0.0,0.7000000000000001,0.1
50,18.0,0.0,0.0,0.0,1.0,0.25,1.0,0.7000000000000001,0.1
51,18.0,0.0,0.0,0.0,1.0,0.25,0.0,0.7000000000000001,0.1
52,18.0,0.0,0.0,0.0,1.0,0.20027283701007265,1.0,0.7000000000000001,0.1
53,18.0,0.0,1.0,1.0,1.0,0.33082021548560653,0.0,0.7000000000000001,0.1
54,18.0,1.0,1.0,1.0,1.0,0.33082021548560653,0.0,0.7000000000000001,0.1
55,18.0,0.0,0.0,0.0,1.0,0.25,0.0,0.7000000000000001,0.1
56,18.0,0.0,0.0,0.0,1.0,0.25,1.0,0.7000000000000001,0.1
57,18.0,0.0,0.0,0.0,1.0,0.25,1.0,0.7000000000000001,0.1
58,18.0,0.0,0.0,0.0,1.0,0.25,0.0,0.7000000000000001,0.1
59,18.0,1.0,1.0,0.0,1.0,0.9919452562806563,1.0,0.7000000000000001,0.1
60,18.0,0.0,0.0,0.0,1.0,0.25,0.0,0.7000000000000001,0.1
61,18.0,0.0,1.0,0.0,0.0,0.4110539984070405,1.0,0.7000000000000001,0.1
62,18.0,1.0,0.0,0.0,1.0,0.25,1.0,0.7000000000000001,0.1
63,18.0,0.0,1.0,1.0,1.0,0.33082021548560653,0.0,0.7000000000000001,0.1
64,18.0,1.0,0.0,0.0,1.0,0.25,0.0,0.7000000000000001,0.1
65,18.0,1.0,1.0,0.0,1.0,0.9919452562806563,1.0,0.7000000000000001,0.1
66,18.0,0.0,0.0,0.0,1.0,0.20027283701007265,0.0,0.7000000000000001,0.1
67,18.0,0.0,0.0,0.0,1.0,0.25,0.0,0.7000000000000001,0.1
68,18.0,1.0,1.0,0.0,1.0,0.984072794218168,1.0,0.7000000000000001,0.1
69,18.0,0.0,0.0,-0.25,1.0,0.20027283701007265,1.0,0.7000000000000001,0.1
70,18.0,0.0,1.0,1.0,1.0,0.33082021548560653,0.0,0.7000000000000001,0.1
71,18.0,0.0,0.0,0.0,1.0,0.25,0.0,0.7000000000000001,0.1
72,18.0,1.0,1.0,1.0,1.0,0.33082021548560653,1.0,0.7000000000000001,0.1
73,18.0,0.0,0.0,0.0,1.0,0.25,0.0,0.7000000000000001,0.1
74,18.0,0.0,0.0,0.0,1.0,0.25,0.0,0.7000000000000001,0.1
75,18.0,0.0,0.0,0.0,1.0,0.25,0.0,0.7000000000000001,0.1
76,18.0,1.0,1.0,0.5,1.0,0.7965272035841778,1.0,0.7000000000000001,0.1
77,18.0,1.0,1.0,1.0,1.0,0.6626203648783373,0.0,0.7000000000000001,0.1
78,18.0,0.0,1.0,0.0,0.0,0.4110539984070405,0.0,0.7000000000000001,0.1
79,18.0,0.0,0.0,0.0,1.0,0.25,1.0,0.7000000000000001,0.1
80,18.0,1.0,0.0,0.0,1.0,0.25,1.0,0.7000000000000001,0.1
81,18.0,0.0,1.0,1.0,1.0,0.33082021548560653,0.0,0.7000000000000001,0.1
82,18.0,0.0,0.0,0.0,1.0,0.25,0.0,0.7000000000000001,0.1
83,18.0,1.0,1.0,1.0,1.0,0.33082021548560653,1.0,0.7000000000000001,0.1
84,18.0,0.0,0.0,0.0,1.0,0.25,0.0,0.7000000000000001,0.1
85,18.0,1.0,0.0,0.0,1.0,0.25,1.0,0.7000000000000001,0.1
86,18.0,0.0,0.0,0.0,1.0,0.25,0.0,0.7000000000000001,0.1
87,18.0,0.0,0.0,0.0,1.0,0.25,1.0,0.7000000000000001,0.1
88,18.0,1.0,1.0,0.0,0.0,0.4110539984070405,1.0,0.7000000000000001,0.1
89,18.0,0.0,0.0,0.0,1.0,0.25,0.0,0.7000000000000001,0.1
0,19.0,1.0,1.0,0.0,0.0,0.5176107313653671,1.0,0.7000000000000001,0.1
1,19.0,0.0,1.0,0.0,0.0,0.3342111196260537,0.0,0.7000000000000001,0.1
2,19.0,0.0,0.0,-0.25,1.0,0.19000845188635718,0.0,0.7000000000000001,0.1
3,19.0,1.0,0.0,-0.25,1.0,0.30034354954308523,0.0,0.7000000000000001,0.1
4,19.0,1.0,1.0,0.0,0.0,0.5176107313653671,1.0,0.7000000000000001,0.1
5,19.0,0.0,1.0,0.75,1.0,0.3515274943828455,1.0,0.7000000000000001,0.1
6,19.0,0.0,0.0,-0.25,1.0,0.15614947334229015,1.0,0.7000000000000001,0.1
7,19.0,1.0,1.0,0.0,0.0,0.5176107313653671,1.0,0.7000000000000001,0.1
8,19.0,0.0,0.0,-0.25,1.0,0.19000845188635718,0.0,0.7000000000000001,0.1
9,19.0,1.0,1.0,0.0,0.0,0.5176107313653671,0.0,0.7000000000000001,0.1
10,19.0,1.0,0.0,-0.5,1.0,0.2608362978561557,0.0,0.7000000000000001,0.1
11,19.0,0.0,0.0,-0.25,1.0,0.19000845188635718,1.0,0.7000000000000001,0.1
12,19.0,0.0,0.0,-0.25,1.0,0.19000845188635718,0.0,0.7000000000000001,0.1
13,19.0,1.0,0.0,-0.25,1.0,0.22200999257770623,0.0,0.7000000000000001,0.1
14,19.0,0.0,0.0,-0.25,1.0,0.15614947334229015,0.0,0.7000000000000001,0.1
15,19.0,1.0,1.0,1.0,1.0,0.3877089816893431,1.0,0.7000000000000001,0.1
16,19.0,0.0,0.0,-0.25,1.0,0.15614947334229015,1.0,0.7000000000000001,0.1
17,19.0,0.0,0.0,-0.25,1.0,0.19965645045691477,0.0,0.7000000000000001,0.1
18,19.0,1.0,1.0,0.75,1.0,0.3877089816893431,0.0,0.7000000000000001,0.1
19,19.0,0.0,0.0,-0.25,1.0,0.22200999257770623,1.0,0.7000000000000001,0.1
20,19.0,1.0,1.0,0.0,0.0,0.5176107313653671,1.0,0.7000000000000001,0.1
21,19.0,0.0,1.0,0.0,0.0,0.41633018795103294,0.0,0.7000000000000001,0.1
22,19.0,0.0,0.0,-0.25,1.0,0.19965645045691477,0.0,0.7000000000000001,0.1
23,19.0,1.0,1.0,0.0,0.0,0.5176107313653671,1.0,0.7000000000000001,0.1
24,19.0,0.0,0.0,0.0,1.0,0.22200999257770623,0.0,0.7000000000000001,0.1
25,19.0,0.0,0.0,-0.25,1.0,0.19000845188635718,0.0,0.7000000000000001,0.1
26,19.0,1.0,1.0,0.0,1.0,0.9169301300389503,1.0,0.7000000000000001,0.1
27,19.0,0.0,0.0,-0.25,1.0,0.19000845188635718,1.0,0.7000000000000001,0.1
28,19.0,0.0,1.0,0.75,1.0,0.3515274943828455,1.0,0.7000000000000001,0.1
29,19.0,1.0,1.0,0.0,1.0,0.9169301300389501,1.0,0.7000000000000001,0.1
30,19.0,0.0,0.0,-0.25,1.0,0.19000845188635718,0.0,0.7000000000000001,0.1
31,19.0,0.0,1.0,0.0,0.0,0.3791316008664769,1.0,0.7000000000000001,0.1
32,19.0,1.0,1.0,0.75,1.0,0.3877089816893431,1.0,0.7000000000000001,0.1
33,19.0,0.0,0.0,-0.25,1.0,0.15614947334229015,0.0,0.7000000000000001,0.1
34,19.0,0.0,1.0,0.0,0.0,0.3791316008664769,0.0,0.7000000000000001,0.1
35,19.0,1.0,1.0,0.0,0.0,0.5176107313653671,0.0,0.7000000000000001,0.1
36,19.0,0.0,1.0,0.0,0.0,0.3791316008664769,0.0,0.7000000000000001,0.1
37,19.0,1.0,1.0,0.0,0.0,0.5176107313653671,0.0,0.7000000000000001,0.1
38,19.0,0.0,0.0,0.0,1.0,0.22200999257770623,1.0,0.7000000000000001,0.1
39,19.0,1.0,0.0,-0.25,1.0,0.3923765015563257,1.0,0.7000000000000001,0.1
40,19.0,0.0,0.0,-0.25,1.0,0.19965645045691477,0.0,0.7000000000000001,0.1
41,19.0,1.0,1.0,0.75,1.0,0.48784643546074585,0.0,0.7000000000000001,0.1
42,19.0,1.0,0.0,-0.25,1.0,0.30034354954308523,0.0,0.7000000000000001,0.1
43,19.0,0.0,1.0,0.75,1.0,0.3515274943828455,0.0,0.7000000000000001,0.1
44,19.0,0.0,1.0,0.5,1.0,0.4491754336208415,0.0,0.7000000000000001,0.1
45,19.0,1.0,1.0,0.0,0.0,0.5176107313653671,0.0,0.7000000000000001,0.1
46,19.0,0.0,1.0,0.75,1.0,0.3515274943828455,1.0,0.7000000000000001,0.1
47,19.0,0.0,0.0,-0.25,1.0,0.19965645045691477,0.0,0.7000000000000001,0.1
48,19.0,0.0,1.0,0.0,0.0,0.3791316008664769,0.0,0.7000000000000001,0.1
49,19.0,0.0,1.0,0.75,1.0,0.30825380157394044,0.0,0.7000000000000001,0.1
50,19.0,0.0,1.0,0.25,1.0,0.5509045234415595,1.0,0.7000000000000001,0.1
51,19.0,0.0,0.0,-0.25,1.0,0.19000845188635718,1.0,0.7000000000000001,0.1
52,19.0,1.0,1.0,0.75,1.0,0.48784643546074585,1.0,0.7000000000000001,0.1
53,19.0,0.0,0.0,-0.25,1.0,0.19965645045691477,0.0,0.7000000000000001,0.1
54,19.0,1.0,1.0,0.5,1.0,0.5889690226164793,1.0,0.7000000000000001,0.1
55,19.0,0.0,0.0,-0.5,1.0,0.1231402128077594,0.0,0.7000000000000001,0.1
56,19.0,0.0,1.0,0.75,1.0,0.3877089816893431,0.0,0.7000000000000001,0.1
57,19.0,0.0,0.0,-0.25,1.0,0.19965645045691477,0.0,0.7000000000000001,0.1
58,19.0,1.0,1.0,0.5,1.0,0.6830954224256879,1.0,0.7000000000000001,0.1
59,19.0,1.0,0.0,0.0,1.0,0.3339700222668813,0.0,0.7000000000000001,0.1
60,19.0,0.0,0.0,-0.25,1.0,0.22200999257770623,1.0,0.7000000000000001,0.1
61,19.0,0.0,1.0,0.0,0.0,0.3342111196260537,0.0,0.7000000000000001,0.1
62,19.0,0.0,1.0,0.5,1.0,0.3458858174422249,0.0,0.7000000000000001,0.1
63,19.0,1.0,1.0,0.25,1.0,0.8298679276332037,1.0,0.7000000000000001,0.1
64,19.0,1.0,0.0,-0.25,1.0,0.3923765015563257,0.0,0.7000000000000001,0.1
65,19.0,1.0,1.0,0.0,1.0,0.9169301300389503,1.0,0.7000000000000001,0.1
66,19.0,1.0,0.0,-0.25,1.0,0.49274931842865166,1.0,0.7000000000000001,0.1
67,19.0,0.0,1.0,1.0,1.0,0.26489875914034133,0.0,0.7000000000000001,0.1
68,19.0,0.0,0.0,-0.5,1.0,0.17339360029375928,0.0,0.7000000000000001,0.1
69,19.0,1.0,1.0,0.75,1.0,0.48784643546074585,1.0,0.7000000000000001,0.1
70,19.0,0.0,0.0,-0.25,1.0,0.22200999257770623,1.0,0.7000000000000001,0.1
71,19.0,0.0,0.0,-0.25,1.0,0.19965645045691477,0.0,0.7000000000000001,0.1
72,19.0,0.0,0.0,-0.25,1.0,0.19000845188635718,0.0,0.7000000000000001,0.1
73,19.0,1.0,0.0,-0.25,1.0,0.30034354954308523,1.0,0.7000000000000001,0.1
74,19.0,1.0,1.0,0.0,1.0,0.9169301300389501,1.0,0.7000000000000001,0.1
75,19.0,1.0,1.0,0.75,1.0,0.48784643546074585,0.0,0.7000000000000001,0.1
76,19.0,1.0,1.0,0.5,1.0,0.5889690226164793,1.0,0.7000000000000001,0.1
77,19.0,1.0,0.0,-0.25,1.0,0.30034354954308523,0.0,0.7000000000000001,0.1
78,19.0,1.0,1.0,0.0,0.0,0.5176107313653671,0.0,0.7000000000000001,0.1
79,19.0,1.0,1.0,0.75,1.0,0.48784643546074585,0.0,0.7000000000000001,0.1
80,19.0,0.0,0.0,-0.25,1.0,0.19000845188635718,0.0,0.7000000000000001,0.1
81,19.0,1.0,1.0,0.75,1.0,0.48784643546074585,0.0,0.7000000000000001,0.1
82,19.0,0.0,0.0,-0.25,1.0,0.15614947334229015,1.0,0.7000000000000001,0.1
83,19.0,1.0,1.0,0.75,1.0,0.48784643546074585,1.0,0.7000000000000001,0.1
84,19.0,0.0,0.0,-0.5,1.0,0.15614947334229015,0.0,0.7000000000000001,0.1
85,19.0,0.0,0.0,-0.5,1.0,0.1231402128077594,1.0,0.7000000000000001,0.1
86,19.0,0.0,1.0,0.75,1.0,0.3515274943828455,1.0,0.7000000000000001,0.1
87,19.0,0.0,0.0,-0.25,1.0,0.22200999257770623,1.0,0.7000000000000001,0.1
88,19.0,0.0,1.0,0.0,0.0,0.41633018795103294,0.0,0.7000000000000001,0.1
89,19.0,0.0,0.0,-0.25,1.0,0.19000845188635718,0.0,0.7000000000000001,0.1
0,21.0,1.0,1.0,0.0,0.0,0.9639815018472871,1.0,0.7000000000000001,0.1
1,21.0,1.0,1.0,0.0,0.0,0.9639815018472874,1.0,0.7000000000000001,0.1
2,21.0,1.0,1.0,0.25,1.0,0.9641904523213379,1.0,0.7000000000000001,0.1
3,21.0,1.0,1.0,0.75,1.0,0.9632951572755756,1.0,0.7000000000000001,0.1
4,21.0,0.0,1.0,0.0,0.0,0.8248664993294068,0.0,0.7000000000000001,0.1
5,21.0,1.0,1.0,0.25,1.0,0.9640578014107115,1.0,0.7000000000000001,0.1
6,21.0,1.0,0.0,-0.25,1.0,0.8845631416808694,1.0,0.7000000000000001,0.1
7,21.0,0.0,1.0,0.0,0.0,0.8248664993294068,1.0,0.7000000000000001,0.1
8,21.0,1.0,0.0,-0.25,1.0,0.42229933249288426,1.0,0.7000000000000001,0.1
9,21.0,1.0,1.0,0.0,0.0,0.9639815018472874,1.0,0.7000000000000001,0.1
10,21.0,1.0,1.0,0.25,1.0,0.9640578014107115,1.0,0.7000000000000001,0.1
11,21.0,1.0,1.0,0.75,1.0,0.9345582499220316,1.0,0.7000000000000001,0.1
12,21.0,1.0,1.0,0.0,1.0,0.9642135073265399,1.0,0.7000000000000001,0.1
13,21.0,1.0,1.0,0.5,1.0,0.9640578014107114,1.0,0.7000000000000001,0.1
14,21.0,0.0,0.0,0.0,1.0,0.11855433206499123,1.0,0.7000000000000001,0.1
15,21.0,1.0,1.0,0.75,1.0,0.9632951572755756,1.0,0.7000000000000001,0.1
16,21.0,1.0,1.0,0.75,1.0,0.9632951572755756,1.0,0.7000000000000001,0.1
17,21.0,1.0,1.0,0.75,1.0,0.9589297896768292,1.0,0.7000000000000001,0.1
18,21.0,1.0,1.0,0.25,1.0,0.9632951572755756,1.0,0.7000000000000001,0.1
19,21.0,1.0,1.0,0.75,1.0,0.9632951572755756,1.0,0.7000000000000001,0.1
20,21.0,0.0,1.0,0.0,0.0,0.8248664993294067,1.0,0.7000000000000001,0.1
21,21.0,0.0,1.0,0.0,0.0,0.8248664993294067,1.0,0.7000000000000001,0.1
22,21.0,1.0,1.0,0.0,1.0,0.9642135073265401,1.0,0.7000000000000001,0.1
23,21.0,1.0,1.0,0.0,0.0,0.9639815018472874,1.0,0.7000000000000001,0.1
24,21.0,0.0,0.0,-0.25,1.0,0.037452874787642726,1.0,0.7000000000000001,0.1
25,21.0,1.0,0.0,-0.25,1.0,0.42229933249288426,1.0,0.7000000000000001,0.1
26,21.0,1.0,1.0,0.25,1.0,0.9641904523213379,1.0,0.7000000000000001,0.1
27,21.0,0.0,1.0,0.75,1.0,0.6404547610328665,1.0,0.7000000000000001,0.1
28,21.0,1.0,1.0,0.75,1.0,0.9632951572755756,1.0,0.7000000000000001,0.1
29,21.0,1.0,1.0,1.0,1.0,0.9589297896768292,1.0,0.7000000000000001,0.1
30,21.0,1.0,1.0,0.25,1.0,0.9641904523213379,1.0,0.7000000000000001,0.1
31,21.0,1.0,1.0,0.0,0.0,0.9628569429493276,1.0,0.7000000000000001,0.1
32,21.0,1.0,1.0,0.25,1.0,0.9640578014107114,1.0,0.7000000000000001,0.1
33,21.0,1.0,1.0,0.5,1.0,0.9640578014107114,1.0,0.7000000000000001,0.1
34,21.0,0.0,1.0,0.0,0.0,0.3725716888420999,1.0,0.7000000000000001,0.1
35,21.0,0.0,1.0,0.0,0.0,0.8248664993294068,0.0,0.7000000000000001,0.1
36,21.0,1.0,1.0,0.0,0.0,0.9564362091547742,1.0,0.7000000000000001,0.1
37,21.0,1.0,1.0,0.0,0.0,0.9639815018472871,1.0,0.7000000000000001,0.1
38,21.0,1.0,1.0,0.75,1.0,0.9632951572755756,1.0,0.7000000000000001,0.1
39,21.0,1.0,1.0,0.75,1.0,0.9632951572755756,1.0,0.7000000000000001,0.1
40,21.0,1.0,1.0,0.75,1.0,0.9632951572755756,0.0,0.7000000000000001,0.1
41,21.0,1.0,1.0,0.75,1.0,0.9345582499220316,1.0,0.7000000000000001,0.1
42,21.0,0.0,0.0,-0.25,1.0,0.016674411806715916,1.0,0.7000000000000001,0.1
43,21.0,0.0,1.0,0.75,1.0,0.6404547610328665,1.0,0.7000000000000001,0.1
44,21.0,1.0,1.0,0.75,1.0,0.9632951572755756,1.0,0.7000000000000001,0.1
45,21.0,1.0,1.0,0.0,0.0,0.9639815018472871,1.0,0.7000000000000001,0.1
46,21.0,1.0,1.0,0.75,1.0,0.9345582499220316,1.0,0.7000000000000001,0.1
47,21.0,1.0,1.0,0.25,1.0,0.9641904523213382,1.0,0.7000000000000001,0.1
48,21.0,1.0,1.0,0.0,0.0,0.9639815018472871,0.0,0.7000000000000001,0.1
49,21.0,0.0,1.0,0.75,1.0,0.6404547610328665,1.0,0.7000000000000001,0.1
50,21.0,0.0,1.0,0.25,1.0,0.9040411208691873,0.0,0.7000000000000001,0.1
51,21.0,1.0,1.0,0.75,1.0,0.9632951572755756,1.0,0.7000000000000001,0.1
52,21.0,1.0,1.0,0.75,1.0,0.9345582499220316,1.0,0.7000000000000001,0.1
53,21.0,1.0,1.0,0.75,1.0,0.9589297896768292,0.0,0.7000000000000001,0.1
54,21.0,1.0,1.0,0.75,1.0,0.9345582499220316,1.0,0.7000000000000001,0.1
55,21.0,0.0,0.0,-0.25,1.0,0.037452874787642726,1.0,0.7000000000000001,0.1
56,21.0,1.0,1.0,0.5,1.0,0.9589297896768292,1.0,0.7000000000000001,0.1
57,21.0,0.0,1.0,0.75,1.0,0.6404547610328665,1.0,0.7000000000000001,0.1
58,21.0,0.0,0.0,-0.25,1.0,0.037452874787642726,1.0,0.7000000000000001,0.1
59,21.0,1.0,1.0,0.75,1.0,0.9589297896768292,1.0,0.7000000000000001,0.1
60,21.0,1.0,1.0,0.25,1.0,0.9632951572755756,1.0,0.7000000000000001,0.1
61,21.0,1.0,1.0,0.0,0.0,0.9639815018472874,1.0,0.7000000000000001,0.1
62,21.0,0.0,0.0,-0.25,1.0,0.037452874787642726,1.0,0.7000000000000001,0.1
63,21.0,1.0,1.0,0.25,1.0,0.9641904523213379,1.0,0.7000000000000001,0.1
64,21.0,1.0,1.0,0.25,1.0,0.9641904523213379,1.0,0.7000000000000001,0.1
65,21.0,1.0,1.0,0.25,1.0,0.9640578014107115,1.0,0.7000000000000001,0.1
66,21.0,1.0,1.0,0.25,1.0,0.9641904523213379,1.0,0.7000000000000001,0.1
67,21.0,0.0,1.0,0.75,1.0,0.6404547610328665,1.0,0.7000000000000001,0.1
68,21.0,1.0,1.0,0.25,1.0,0.9640578014107114,1.0,0.7000000000000001,0.1
69,21.0,0.0,0.0,-0.25,1.0,0.037452874787642726,0.0,0.7000000000000001,0.1
70,21.0,1.0,1.0,0.25,1.0,0.9632951572755756,1.0,0.7000000000000001,0.1
71,21.0,1.0,1.0,0.75,1.0,0.9632951572755756,0.0,0.7000000000000001,0.1
72,21.0,0.0,0.0,-0.25,1.0,0.07770066750711578,1.0,0.7000000000000001,0.1
73,21.0,1.0,1.0,0.75,1.0,0.9632951572755756,1.0,0.7000000000000001,0.1
74,21.0,1.0,0.0,-0.25,1.0,0.42229933249288426,1.0,0.7000000000000001,0.1
75,21.0,1.0,1.0,0.25,1.0,0.9641904523213382,1.0,0.7000000000000001,0.1
76,21.0,1.0,1.0,0.75,1.0,0.9632951572755756,1.0,0.7000000000000001,0.1
77,21.0,1.0,1.0,0.75,1.0,0.9632951572755756,1.0,0.7000000000000001,0.1
78,21.0,1.0,1.0,0.0,0.0,0.9628569429493276,1.0,0.7000000000000001,0.1
79,21.0,1.0,1.0,0.25,1.0,0.9641904523213382,1.0,0.7000000000000001,0.1
80,21.0,1.0,1.0,0.25,1.0,0.9641904523213379,1.0,0.7000000000000001,0.1
81,21.0,1.0,1.0,0.25,1.0,0.9640578014107114,1.0,0.7000000000000001,0.1
82,21.0,1.0,1.0,0.25,1.0,0.9641904523213379,1.0,0.7000000000000001,0.1
83,21.0,1.0,1.0,0.5,1.0,0.9640578014107114,1.0,0.7000000000000001,0.1
84,21.0,1.0,1.0,0.25,1.0,0.9632951572755756,1.0,0.7000000000000001,0.1
85,21.0,1.0,1.0,0.75,1.0,0.9345582499220316,1.0,0.7000000000000001,0.1
86,21.0,1.0,1.0,0.25,1.0,0.9641904523213379,1.0,0.7000000000000001,0.1
87,21.0,1.0,1.0,0.25,1.0,0.9641904523213382,1.0,0.7000000000000001,0.1
88,21.0,1.0,1.0,0.0,0.0,0.9564362091547742,1.0,0.7000000000000001,0.1
89,21.0,1.0,1.0,0.75,1.0,0.9589297896768292,1.0,0.7000000000000001,0.1
0,24.0,1.0,1.0,0.0,0.0,0.5646544632938938,0.0,0.7000000000000001,0.1
1,24.0,1.0,1.0,0.0,0.0,0.8686647916616849,1.0,0.7000000000000001,0.1
2,24.0,1.0,0.0,-0.25,1.0,0.31626006414962154,0.0,0.7000000000000001,0.1
3,24.0,1.0,0.0,-0.25,1.0,0.21180887516172917,1.0,0.7000000000000001,0.1
4,24.0,1.0,1.0,0.0,0.0,0.919253544566993,1.0,0.7000000000000001,0.1
5,24.0,0.0,0.0,-0.25,1.0,0.21180887516172917,1.0,0.7000000000000001,0.1
6,24.0,1.0,1.0,0.0,1.0,0.9722410716480432,1.0,0.7000000000000001,0.1
7,24.0,0.0,1.0,0.0,0.0,0.5646544632938939,1.0,0.7000000000000001,0.1
8,24.0,1.0,1.0,0.0,1.0,0.9722410716480432,1.0,0.7000000000000001,0.1
9,24.0,1.0,1.0,0.0,0.0,0.919253544566993,1.0,0.7000000000000001,0.1
10,24.0,1.0,1.0,0.0,1.0,0.9722410716480432,1.0,0.7000000000000001,0.1
11,24.0,0.0,0.0,-0.25,1.0,0.16771042753956644,1.0,0.7000000000000001,0.1
12,24.0,1.0,0.0,-0.25,1.0,0.31626006414962154,1.0,0.7000000000000001,0.1
13,24.0,1.0,1.0,0.0,1.0,0.9722410716480432,1.0,0.7000000000000001,0.1
14,24.0,0.0,1.0,0.75,1.0,0.4389909544003767,0.0,0.7000000000000001,0.1
15,24.0,1.0,1.0,0.25,1.0,0.9220088356911615,1.0,0.7000000000000001,0.1
16,24.0,1.0,0.0,-0.25,1.0,0.31626006414962154,0.0,0.7000000000000001,0.1
17,24.0,1.0,0.0,-0.25,1.0,0.21180887516172917,1.0,0.7000000000000001,0.1
18,24.0,1.0,1.0,0.0,1.0,0.9722410716480432,1.0,0.7000000000000001,0.1
19,24.0,1.0,0.0,0.0,1.0,0.6296039664781307,1.0,0.7000000000000001,0.1
20,24.0,0.0,1.0,0.0,0.0,0.5646544632938938,0.0,0.7000000000000001,0.1
21,24.0,0.0,1.0,0.0,0.0,0.5111556337439371,0.0,0.7000000000000001,0.1
22,24.0,1.0,1.0,0.75,1.0,0.4389909544003767,1.0,0.7000000000000001,0.1
23,24.0,1.0,1.0,0.0,0.0,0.6906409320195547,1.0,0.7000000000000001,0.1
24,24.0,0.0,0.0,-0.25,1.0,0.21180887516172917,1.0,0.7000000000000001,0.1
25,24.0,0.0,0.0,-0.25,1.0,0.21180887516172917,1.0,0.7000000000000001,0.1
26,24.0,1.0,1.0,0.0,1.0,0.9722410716480432,1.0,0.7000000000000001,0.1
27,24.0,1.0,0.0,-0.25,1.0,0.21180887516172917,1.0,0.7000000000000001,0.1
28,24.0,1.0,1.0,0.0,1.0,0.9722410716480432,1.0,0.7000000000000001,0.1
29,24.0,0.0,0.0,-0.25,1.0,0.21180887516172917,1.0,0.7000000000000001,0.1
30,24.0,0.0,0.0,0.0,1.0,0.21180887516172917,1.0,0.7000000000000001,0.1
31,24.0,1.0,1.0,0.0,0.0,0.919253544566993,1.0,0.7000000000000001,0.1
32,24.0,1.0,1.0,0.0,1.0,0.9722410716480432,1.0,0.7000000000000001,0.1
33,24.0,1.0,0.0,-0.25,1.0,0.31626006414962154,0.0,0.7000000000000001,0.1
34,24.0,0.0,1.0,0.0,0.0,0.5646544632938938,0.0,0.7000000000000001,0.1
35,24.0,0.0,1.0,0.0,0.0,0.5646544632938939,0.0,0.7000000000000001,0.1
36,24.0,1.0,1.0,0.0,0.0,0.6906409320195547,1.0,0.7000000000000001,0.1
37,24.0,1.0,1.0,0.0,0.0,0.5646544632938939,1.0,0.7000000000000001,0.1
38,24.0,1.0,1.0,0.25,1.0,0.8729076488073154,1.0,0.7000000000000001,0.1
39,24.0,1.0,1.0,0.0,1.0,0.9722410716480432,0.0,0.7000000000000001,0.1
40,24.0,1.0,1.0,0.0,1.0,0.9722410716480432,1.0,0.7000000000000001,0.1
41,24.0,1.0,1.0,0.25,1.0,0.8729076488073154,1.0,0.7000000000000001,0.1
42,24.0,0.0,1.0,0.75,1.0,0.38681925529984884,0.0,0.7000000000000001,0.1
43,24.0,1.0,0.0,-0.25,1.0,0.31626006414962154,0.0,0.7000000000000001,0.1
44,24.0,1.0,1.0,0.25,1.0,0.953158103401987,1.0,0.7000000000000001,0.1
45,24.0,0.0,1.0,0.0,0.0,0.5111556337439371,0.0,0.7000000000000001,0.1
46,24.0,1.0,1.0,0.75,1.0,0.7996121838228212,1.0,0.7000000000000001,0.1
47,24.0,0.0,0.0,-0.25,1.0,0.18373993585037846,0.0,0.7000000000000001,0.1
48,24.0,0.0,1.0,0.0,0.0,0.5646544632938938,0.0,0.7000000000000001,0.1
49,24.0,0.0,1.0,0.75,1.0,0.3868192552998489,1.0,0.7000000000000001,0.1
50,24.0,1.0,0.0,-0.25,1.0,0.31626006414962154,0.0,0.7000000000000001,0.1
51,24.0,1.0,1.0,0.75,1.0,0.7996121838228212,1.0,0.7000000000000001,0.1
52,24.0,0.0,0.0,-0.25,1.0,0.21180887516172917,1.0,0.7000000000000001,0.1
53,24.0,0.0,0.0,-0.25,1.0,0.21180887516172917,1.0,0.7000000000000001,0.1
54,24.0,1.0,1.0,0.0,1.0,0.9722410716480432,1.0,0.7000000000000001,0.1
55,24.0,0.0,1.0,0.75,1.0,0.4389909544003768,1.0,0.7000000000000001,0.1
56,24.0,1.0,1.0,0.5,1.0,0.6986397364263753,1.0,0.7000000000000001,0.1
57,24.0,1.0,1.0,0.75,1.0,0.4389909544003767,1.0,0.7000000000000001,0.1
58,24.0,1.0,1.0,0.0,1.0,0.9722410716480432,1.0,0.7000000000000001,0.1
59,24.0,1.0,1.0,0.0,1.0,0.9722410716480431,1.0,0.7000000000000001,0.1
60,24.0,0.0,0.0,-0.25,1.0,0.21180887516172917,1.0,0.7000000000000001,0.1
61,24.0,1.0,1.0,0.0,0.0,0.919253544566993,1.0,0.7000000000000001,0.1
62,24.0,1.0,0.0,-0.25,1.0,0.31626006414962154,1.0,0.7000000000000001,0.1
63,24.0,0.0,0.0,-0.25,1.0,0.21180887516172917,1.0,0.7000000000000001,0.1
64,24.0,1.0,1.0,0.0,1.0,0.9722410716480432,1.0,0.7000000000000001,0.1
65,24.0,1.0,0.0,-0.25,1.0,0.31626006414962154,1.0,0.7000000000000001,0.1
66,24.0,1.0,1.0,0.0,1.0,0.9722410716480431,1.0,0.7000000000000001,0.1
67,24.0,0.0,0.0,-0.25,1.0,0.21180887516172917,1.0,0.7000000000000001,0.1
68,24.0,1.0,1.0,0.0,1.0,0.9531581034019869,1.0,0.7000000000000001,0.1
69,24.0,0.0,0.0,-0.25,1.0,0.21180887516172917,0.0,0.7000000000000001,0.1
70,24.0,0.0,0.0,0.0,1.0,0.21180887516172917,1.0,0.7000000000000001,0.1
71,24.0,0.0,0.0,-0.25,1.0,0.16771042753956644,0.0,0.7000000000000001,0.1
72,24.0,1.0,1.0,0.0,1.0,0.9722410716480432,1.0,0.7000000000000001,0.1
73,24.0,0.0,1.0,0.5,1.0,0.5205737008745224,1.0,0.7000000000000001,0.1
74,24.0,1.0,1.0,0.75,1.0,0.5739010199735148,1.0,0.7000000000000001,0.1
75,24.0,0.0,0.0,0.0,1.0,0.25,0.0,0.7000000000000001,0.1
76,24.0,1.0,1.0,0.0,1.0,0.9722410716480432,1.0,0.7000000000000001,0.1
77,24.0,1.0,1.0,0.0,1.0,0.9722410716480431,1.0,0.7000000000000001,0.1
78,24.0,1.0,1.0,0.0,0.0,0.6906409320195547,0.0,0.7000000000000001,0.1
79,24.0,0.0,0.0,-0.25,1.0,0.21180887516172917,0.0,0.7000000000000001,0.1
80,24.0,1.0,0.0,-0.25,1.0,0.7022672421563123,1.0,0.7000000000000001,0.1
81,24.0,0.0,0.0,-0.25,1.0,0.21180887516172917,0.0,0.7000000000000001,0.1
82,24.0,1.0,1.0,0.0,1.0,0.9722410716480432,1.0,0.7000000000000001,0.1
83,24.0,1.0,0.0,-0.25,1.0,0.7022672421563123,1.0,0.7000000000000001,0.1
84,24.0,0.0,0.0,-0.25,1.0,0.21180887516172917,1.0,0.7000000000000001,0.1
85,24.0,1.0,1.0,0.25,1.0,0.7996121838228212,1.0,0.7000000000000001,0.1
86,24.0,0.0,0.0,-0.25,1.0,0.18373993585037846,1.0,0.7000000000000001,0.1
87,24.0,1.0,0.0,-0.25,1.0,0.21180887516172917,1.0,0.7000000000000001,0.1
88,24.0,1.0,1.0,0.0,0.0,0.7935012762072358,1.0,0.7000000000000001,0.1
89,24.0,0.0,0.0,0.0,1.0,0.25,0.0,0.7000000000000001,0.1
0,26.0,1.0,1.0,0.0,0.0,0.59010863042737,1.0,0.7000000000000001,0.1
1,26.0,1.0,1.0,0.0,0.0,0.59010863042737,0.0,0.7000000000000001,0.1
2,26.0,0.0,0.0,-0.25,1.0,0.19832606353592333,0.0,0.7000000000000001,0.1
3,26.0,0.0,0.0,-0.5,1.0,0.17138405576556995,0.0,0.7000000000000001,0.1
4,26.0,0.0,1.0,0.0,0.0,0.44641131487428914,0.0,0.7000000000000001,0.1
5,26.0,1.0,0.0,-0.5,1.0,0.34911343655713367,1.0,0.7000000000000001,0.1
6,26.0,0.0,0.0,-0.5,1.0,0.15088656344286636,0.0,0.7000000000000001,0.1
7,26.0,0.0,1.0,0.0,0.0,0.39694406086583334,1.0,0.7000000000000001,0.1
8,26.0,0.0,0.0,-0.75,1.0,0.1197113280100698,1.0,0.7000000000000001,0.1
9,26.0,0.0,1.0,0.0,0.0,0.39694406086583334,0.0,0.7000000000000001,0.1
10,26.0,0.0,0.0,-0.5,1.0,0.15338732560146162,0.0,0.7000000000000001,0.1
11,26.0,0.0,0.0,-0.25,1.0,0.18819109593875233,0.0,0.7000000000000001,0.1
12,26.0,0.0,0.0,-0.25,1.0,0.17138405576556995,0.0,0.7000000000000001,0.1
13,26.0,1.0,0.0,-0.25,1.0,0.30167393646407664,1.0,0.7000000000000001,0.1
14,26.0,1.0,0.0,-0.75,1.0,0.21604875267435142,1.0,0.7000000000000001,0.1
15,26.0,0.0,0.0,-0.25,1.0,0.15338732560146162,1.0,0.7000000000000001,0.1
16,26.0,0.0,0.0,-0.5,1.0,0.15338732560146162,0.0,0.7000000000000001,0.1
17,26.0,1.0,1.0,0.75,1.0,0.5985356435695208,0.0,0.7000000000000001,0.1
18,26.0,0.0,1.0,0.5,1.0,0.40534044733619784,1.0,0.7000000000000001,0.1
19,26.0,0.0,0.0,-0.75,1.0,0.08974160002450197,1.0,0.7000000000000001,0.1
20,26.0,0.0,1.0,0.0,0.0,0.44641131487428914,0.0,0.7000000000000001,0.1
21,26.0,0.0,1.0,0.0,0.0,0.4464113148742891,1.0,0.7000000000000001,0.1
22,26.0,1.0,0.0,-0.25,1.0,0.30167393646407664,0.0,0.7000000000000001,0.1
23,26.0,0.0,1.0,0.0,0.0,0.39694406086583334,1.0,0.7000000000000001,0.1
24,26.0,0.0,0.0,-0.25,1.0,0.18819109593875233,0.0,0.7000000000000001,0.1
25,26.0,0.0,0.0,-0.5,1.0,0.15338732560146162,1.0,0.7000000000000001,0.1
26,26.0,0.0,0.0,-0.25,1.0,0.19832606353592333,0.0,0.7000000000000001,0.1
27,26.0,0.0,0.0,-0.5,1.0,0.17138405576556995,0.0,0.7000000000000001,0.1
28,26.0,0.0,0.0,-0.5,1.0,0.15088656344286636,1.0,0.7000000000000001,0.1
29,26.0,1.0,1.0,0.5,1.0,0.5985356435695208,0.0,0.7000000000000001,0.1
30,26.0,0.0,1.0,0.5,1.0,0.455064480618288,0.0,0.7000000000000001,0.1
31,26.0,0.0,1.0,0.0,0.0,0.4464113148742891,0.0,0.7000000000000001,0.1
32,26.0,1.0,1.0,0.25,1.0,0.8399250070619796,1.0,0.7000000000000001,0.1
33,26.0,0.0,0.0,-0.75,1.0,0.11063309057266,0.0,0.7000000000000001,0.1
34,26.0,1.0,1.0,0.0,0.0,0.6865090161532985,1.0,0.7000000000000001,0.1
35,26.0,0.0,1.0,0.0,0.0,0.39694406086583334,0.0,0.7000000000000001,0.1
36,26.0,1.0,1.0,0.0,0.0,0.8351695435763679,1.0,0.7000000000000001,0.1
37,26.0,0.0,1.0,0.0,0.0,0.44641131487428914,1.0,0.7000000000000001,0.1
38,26.0,1.0,0.0,-0.25,1.0,0.3965394619254704,0.0,0.7000000000000001,0.1
39,26.0,1.0,1.0,0.5,1.0,0.6939818973068399,1.0,0.7000000000000001,0.1
40,26.0,0.0,0.0,-0.5,1.0,0.1197113280100698,0.0,0.7000000000000001,0.1
41,26.0,0.0,0.0,-0.25,1.0,0.18819109593875233,1.0,0.7000000000000001,0.1
42,26.0,0.0,0.0,-0.5,1.0,0.15338732560146162,1.0,0.7000000000000001,0.1
43,26.0,0.0,0.0,-0.25,1.0,0.17138405576556995,0.0,0.7000000000000001,0.1
44,26.0,0.0,0.0,-0.75,1.0,0.1197113280100698,0.0,0.7000000000000001,0.1
45,26.0,0.0,1.0,0.0,0.0,0.44641131487428914,0.0,0.7000000000000001,0.1
46,26.0,0.0,0.0,-0.75,1.0,0.12766189143536402,0.0,0.7000000000000001,0.1
47,26.0,0.0,0.0,-0.5,1.0,0.1197113280100698,1.0,0.7000000000000001,0.1
48,26.0,0.0,1.0,0.0,0.0,0.4464113148742891,0.0,0.7000000000000001,0.1
49,26.0,0.0,0.0,-0.5,1.0,0.17138405576556995,0.0,0.7000000000000001,0.1
50,26.0,1.0,0.0,-0.5,1.0,0.449298811617219,1.0,0.7000000000000001,0.1
51,26.0,0.0,0.0,-0.25,1.0,0.19832606353592333,0.0,0.7000000000000001,0.1
52,26.0,0.0,0.0,-0.5,1.0,0.15338732560146162,0.0,0.7000000000000001,0.1
53,26.0,0.0,0.0,-0.75,1.0,0.1197113280100698,0.0,0.7000000000000001,0.1
54,26.0,0.0,0.0,-0.25,1.0,0.19832606353592333,1.0,0.7000000000000001,0.1
55,26.0,0.0,0.0,-0.75,1.0,0.08974160002450197,0.0,0.7000000000000001,0.1
56,26.0,1.0,0.0,-0.5,1.0,0.449298811617219,1.0,0.7000000000000001,0.1
57,26.0,0.0,0.0,-0.5,1.0,0.17138405576556998,1.0,0.7000000000000001,0.1
58,26.0,1.0,1.0,0.5,1.0,0.775256799227814,1.0,0.7000000000000001,0.1
59,26.0,1.0,1.0,0.0,1.0,0.9238988192031942,1.0,0.7000000000000001,0.1
60,26.0,1.0,0.0,-0.5,1.0,0.26069242654338964,0.0,0.7000000000000001,0.1
61,26.0,1.0,1.0,0.0,0.0,0.6865090161532985,1.0,0.7000000000000001,0.1
62,26.0,0.0,0.0,-0.5,1.0,0.17138405576556995,0.0,0.7000000000000001,0.1
63,26.0,0.0,0.0,-0.75,1.0,0.08974160002450197,0.0,0.7000000000000001,0.1
64,26.0,0.0,0.0,-0.5,1.0,0.15338732560146162,1.0,0.7000000000000001,0.1
65,26.0,0.0,0.0,-0.25,1.0,0.18819109593875233,0.0,0.7000000000000001,0.1
66,26.0,0.0,0.0,-0.5,1.0,0.12766189143536402,0.0,0.7000000000000001,0.1
67,26.0,0.0,1.0,0.5,1.0,0.4550644806182881,0.0,0.7000000000000001,0.1
68,26.0,1.0,1.0,0.5,1.0,0.6939818973068399,1.0,0.7000000000000001,0.1
69,26.0,0.0,0.0,-0.25,1.0,0.17138405576556995,0.0,0.7000000000000001,0.1
70,26.0,0.0,1.0,0.25,1.0,0.5090421528333781,1.0,0.7000000000000001,0.1
71,26.0,0.0,1.0,0.75,1.0,0.35442087981298864,0.0,0.7000000000000001,0.1
72,26.0,0.0,1.0,0.5,1.0,0.4550644806182881,1.0,0.7000000000000001,0.1
73,26.0,0.0,0.0,-0.5,1.0,0.15338732560146162,0.0,0.7000000000000001,0.1
74,26.0,0.0,0.0,-0.75,1.0,0.1197113280100698,0.0,0.7000000000000001,0.1
75,26.0,0.0,1.0,0.75,1.0,0.3544208798129886,0.0,0.7000000000000001,0.1
76,26.0,0.0,1.0,0.75,1.0,0.35442087981298864,0.0,0.7000000000000001,0.1
77,26.0,0.0,1.0,0.25,1.0,0.5595179567979593,0.0,0.7000000000000001,0.1
78,26.0,0.0,1.0,0.0,0.0,0.4464113148742891,0.0,0.7000000000000001,0.1
79,26.0,0.0,1.0,0.5,1.0,0.4550644806182881,0.0,0.7000000000000001,0.1
80,26.0,1.0,0.0,-0.75,1.0,0.295377405512053,0.0,0.7000000000000001,0.1
81,26.0,1.0,0.0,-0.5,1.0,0.26069242654338964,1.0,0.7000000000000001,0.1
82,26.0,0.0,0.0,-0.25,1.0,0.19832606353592333,1.0,0.7000000000000001,0.1
83,26.0,1.0,0.0,-0.5,1.0,0.26069242654338964,0.0,0.7000000000000001,0.1
84,26.0,0.0,0.0,-0.75,1.0,0.12766189143536402,1.0,0.7000000000000001,0.1
85,26.0,0.0,0.0,-0.5,1.0,0.15088656344286636,1.0,0.7000000000000001,0.1
86,26.0,0.0,0.0,-0.25,1.0,0.18819109593875233,0.0,0.7000000000000001,0.1
87,26.0,0.0,0.0,-0.25,1.0,0.17138405576556998,0.0,0.7000000000000001,0.1
88,26.0,1.0,1.0,0.0,0.0,0.6865090161532985,0.0,0.7000000000000001,0.1
89,26.0,0.0,0.0,-0.25,1.0,0.19832606353592333,1.0,0.7000000000000001,0.1
0,28.0,0.0,1.0,0.0,0.0,0.4851120973117828,0.0,0.7000000000000001,0.1
1,28.0,0.0,1.0,0.0,0.0,0.4851120973117828,0.0,0.7000000000000001,0.1
2,28.0,0.0,0.0,0.0,1.0,0.25,0.0,0.7000000000000001,0.1
3,28.0,0.0,0.0,-0.25,1.0,0.16863823582601842,0.0,0.7000000000000001,0.1
4,28.0,1.0,1.0,0.0,0.0,0.6150679613970668,1.0,0.7000000000000001,0.1
5,28.0,1.0,1.0,0.75,1.0,0.5693064478467308,1.0,0.7000000000000001,0.1
6,28.0,1.0,1.0,0.25,1.0,0.902116301419453,1.0,0.7000000000000001,0.1
7,28.0,0.0,1.0,0.0,0.0,0.4851120973117828,0.0,0.7000000000000001,0.1
8,28.0,1.0,1.0,1.0,1.0,0.43725242766636024,0.0,0.7000000000000001,0.1
9,28.0,1.0,1.0,0.0,0.0,0.8146980868233343,0.0,0.7000000000000001,0.1
10,28.0,0.0,0.0,0.0,1.0,0.25,0.0,0.7000000000000001,0.1
11,28.0,1.0,0.0,0.0,1.0,0.25,1.0,0.7000000000000001,0.1
12,28.0,1.0,0.0,-0.25,1.0,0.21206408367280005,1.0,0.7000000000000001,0.1
13,28.0,0.0,0.0,-0.25,1.0,0.21206408367280005,0.0,0.7000000000000001,0.1
14,28.0,1.0,0.0,-0.25,1.0,0.31587562401227315,0.0,0.7000000000000001,0.1
15,28.0,0.0,1.0,0.75,1.0,0.43725242766636024,1.0,0.7000000000000001,0.1
16,28.0,1.0,1.0,0.25,1.0,0.8560102399038092,1.0,0.7000000000000001,0.1
17,28.0,0.0,0.0,-0.25,1.0,0.21206408367280005,1.0,0.7000000000000001,0.1
18,28.0,0.0,0.0,-0.25,1.0,0.21206408367280005,0.0,0.7000000000000001,0.1
19,28.0,1.0,1.0,0.0,1.0,0.9488638196313645,1.0,0.7000000000000001,0.1
20,28.0,0.0,1.0,0.0,0.0,0.4851120973117828,0.0,0.7000000000000001,0.1
21,28.0,0.0,1.0,0.0,0.0,0.4851120973117828,0.0,0.7000000000000001,0.1
22,28.0,0.0,1.0,0.75,1.0,0.3855074083297926,1.0,0.7000000000000001,0.1
23,28.0,1.0,1.0,0.0,0.0,0.8750315879767914,1.0,0.7000000000000001,0.1
24,28.0,0.0,0.0,-0.25,1.0,0.21206408367280005,0.0,0.7000000000000001,0.1
25,28.0,1.0,0.0,-0.25,1.0,0.5719991852406102,0.0,0.7000000000000001,0.1
26,28.0,1.0,1.0,0.0,1.0,0.9488638196313645,1.0,0.7000000000000001,0.1
27,28.0,0.0,0.0,0.0,1.0,0.25,1.0,0.7000000000000001,0.1
28,28.0,0.0,0.0,0.0,1.0,0.25,0.0,0.7000000000000001,0.1
29,28.0,1.0,1.0,1.0,1.0,0.5693064478467308,0.0,0.7000000000000001,0.1
30,28.0,0.0,0.0,-0.75,1.0,0.08841655402328533,0.0,0.7000000000000001,0.1
31,28.0,0.0,1.0,0.0,0.0,0.4851120973117828,0.0,0.7000000000000001,0.1
32,28.0,1.0,1.0,0.0,1.0,0.9488638196313645,1.0,0.7000000000000001,0.1
33,28.0,1.0,0.0,-0.25,1.0,0.21206408367280005,1.0,0.7000000000000001,0.1
34,28.0,1.0,1.0,0.0,0.0,0.8146980868233343,1.0,0.7000000000000001,0.1
35,28.0,0.0,1.0,0.0,0.0,0.4851120973117828,0.0,0.7000000000000001,0.1
36,28.0,1.0,1.0,0.0,0.0,0.8750315879767915,1.0,0.7000000000000001,0.1
37,28.0,0.0,1.0,0.0,0.0,0.43205168868982397,0.0,0.7000000000000001,0.1
38,28.0,1.0,1.0,0.0,1.0,0.9311660245050263,1.0,0.7000000000000001,0.1
39,28.0,1.0,1.0,0.0,1.0,0.8560102399038092,1.0,0.7000000000000001,0.1
40,28.0,1.0,1.0,0.75,1.0,0.7866014566657111,1.0,0.7000000000000001,0.1
41,28.0,1.0,1.0,0.75,1.0,0.5693064478467308,1.0,0.7000000000000001,0.1
42,28.0,0.0,1.0,0.5,1.0,0.5162707724080389,0.0,0.7000000000000001,0.1
43,28.0,0.0,1.0,0.75,1.0,0.32103543272978236,0.0,0.7000000000000001,0.1
44,28.0,1.0,0.0,-0.25,1.0,0.21206408367280005,1.0,0.7000000000000001,0.1
45,28.0,0.0,1.0,0.0,0.0,0.43205168868982397,1.0,0.7000000000000001,0.1
46,28.0,1.0,1.0,0.75,1.0,0.43725242766636024,1.0,0.7000000000000001,0.1
47,28.0,1.0,1.0,1.0,1.0,0.43725242766636024,0.0,0.7000000000000001,0.1
48,28.0,1.0,1.0,0.0,0.0,0.4851120973117828,1.0,0.7000000000000001,0.1
49,28.0,0.0,0.0,-0.25,1.0,0.21206408367280005,1.0,0.7000000000000001,0.1
50,28.0,1.0,1.0,0.0,1.0,0.9311660245050262,1.0,0.7000000000000001,0.1
51,28.0,1.0,0.0,-0.25,1.0,0.21206408367280005,1.0,0.7000000000000001,0.1
52,28.0,0.0,0.0,-0.5,1.0,0.12553930603207866,0.0,0.7000000000000001,0.1
53,28.0,0.0,0.0,-0.25,1.0,0.21206408367280005,0.0,0.7000000000000001,0.1
54,28.0,0.0,0.0,0.0,1.0,0.25,1.0,0.7000000000000001,0.1
55,28.0,0.0,0.0,-0.5,1.0,0.1504798272399853,0.0,0.7000000000000001,0.1
56,28.0,0.0,1.0,0.25,1.0,0.6900068138781861,1.0,0.7000000000000001,0.1
57,28.0,0.0,0.0,0.0,1.0,0.21206408367280005,1.0,0.7000000000000001,0.1
58,28.0,1.0,0.0,-0.5,1.0,0.2581565264007076,0.0,0.7000000000000001,0.1
59,28.0,1.0,1.0,0.0,1.0,0.9488638196313645,0.0,0.7000000000000001,0.1
60,28.0,1.0,0.0,-0.25,1.0,0.21206408367280005,0.0,0.7000000000000001,0.1
61,28.0,1.0,1.0,0.0,0.0,0.6150679613970668,0.0,0.7000000000000001,0.1
62,28.0,1.0,1.0,0.75,1.0,0.43725242766636024,1.0,0.7000000000000001,0.1
63,28.0,0.0,1.0,1.0,1.0,0.26821765045063606,1.0,0.7000000000000001,0.1
64,28.0,1.0,0.0,0.0,1.0,0.25,1.0,0.7000000000000001,0.1
65,28.0,0.0,0.0,-0.25,1.0,0.16863823582601842,0.0,0.7000000000000001,0.1
66,28.0,1.0,0.0,-0.25,1.0,0.31587562401227315,0.0,0.7000000000000001,0.1
67,28.0,0.0,0.0,0.0,1.0,0.25,0.0,0.7000000000000001,0.1
68,28.0,1.0,1.0,0.0,1.0,0.9488638196313645,1.0,0.7000000000000001,0.1
69,28.0,1.0,1.0,0.75,1.0,0.43725242766636024,0.0,0.7000000000000001,0.1
70,28.0,0.0,1.0,0.75,1.0,0.38550740832979263,0.0,0.7000000000000001,0.1
71,28.0,0.0,1.0,1.0,1.0,0.3122184025988226,0.0,0.7000000000000001,0.1
72,28.0,1.0,1.0,0.75,1.0,0.43725242766636024,1.0,0.7000000000000001,0.1
73,28.0,0.0,0.0,-0.25,1.0,0.21206408367280005,1.0,0.7000000000000001,0.1
74,28.0,0.0,0.0,0.0,1.0,0.25,1.0,0.7000000000000001,0.1
75,28.0,0.0,0.0,-0.25,1.0,0.21206408367280005,1.0,0.7000000000000001,0.1
76,28.0,1.0,1.0,0.75,1.0,0.6900068138781861,1.0,0.7000000000000001,0.1
77,28.0,1.0,1.0,0.0,1.0,0.9311660245050262,1.0,0.7000000000000001,0.1
78,28.0,0.0,1.0,0.0,0.0,0.4851120973117828,1.0,0.7000000000000001,0.1
79,28.0,0.0,0.0,0.0,1.0,0.25,0.0,0.7000000000000001,0.1
80,28.0,1.0,1.0,0.25,1.0,0.8560102399038092,1.0,0.7000000000000001,0.1
81,28.0,0.0,0.0,-0.25,1.0,0.21206408367280005,0.0,0.7000000000000001,0.1
82,28.0,1.0,1.0,0.0,1.0,0.9488638196313645,1.0,0.7000000000000001,0.1
83,28.0,1.0,1.0,0.25,1.0,0.902116301419453,1.0,0.7000000000000001,0.1
84,28.0,0.0,0.0,-0.25,1.0,0.16863823582601842,0.0,0.7000000000000001,0.1
85,28.0,1.0,1.0,1.0,1.0,0.3122184025988226,1.0,0.7000000000000001,0.1
86,28.0,1.0,1.0,1.0,1.0,0.43725242766636024,0.0,0.7000000000000001,0.1
87,28.0,1.0,1.0,1.0,1.0,0.3122184025988226,1.0,0.7000000000000001,0.1
88,28.0,1.0,1.0,0.0,0.0,0.8146980868233343,1.0,0.7000000000000001,0.1
89,28.0,0.0,0.0,0.0,1.0,0.25,0.0,0.7000000000000001,0.1
0,30.0,0.0,1.0,0.0,0.0,0.5544833092345487,0.0,0.7000000000000001,0.1
1,30.0,0.0,1.0,0.0,0.0,0.6441147014152245,0.0,0.7000000000000001,0.1
2,30.0,1.0,1.0,0.25,1.0,0.9508204414920906,1.0,0.7000000000000001,0.1
3,30.0,1.0,0.0,0.0,1.0,0.25,1.0,0.7000000000000001,0.1
4,30.0,0.0,1.0,0.0,0.0,0.6441147014152244,1.0,0.7000000000000001,0.1
5,30.0,0.0,1.0,0.75,1.0,0.5610702764904111,1.0,0.7000000000000001,0.1
6,30.0,0.0,0.0,-0.25,1.0,0.186475128540085,0.0,0.7000000000000001,0.1
7,30.0,1.0,1.0,0.0,0.0,0.9372497307365871,1.0,0.7000000000000001,0.1
8,30.0,1.0,1.0,0.5,1.0,0.9227698886380657,1.0,0.7000000000000001,0.1
9,30.0,1.0,1.0,0.0,0.0,0.6441147014152245,1.0,0.7000000000000001,0.1
10,30.0,1.0,1.0,0.5,1.0,0.9227698886380657,1.0,0.7000000000000001,0.1
11,30.0,0.0,0.0,-0.25,1.0,0.14869245274846268,0.0,0.7000000000000001,0.1
12,30.0,0.0,0.0,-0.75,1.0,0.03550406122462133,0.0,0.7000000000000001,0.1
13,30.0,0.0,0.0,-0.25,1.0,0.186475128540085,1.0,0.7000000000000001,0.1
14,30.0,0.0,0.0,-0.25,1.0,0.14869245274846268,0.0,0.7000000000000001,0.1
15,30.0,1.0,1.0,0.75,1.0,0.861890975673867,1.0,0.7000000000000001,0.1
16,30.0,1.0,1.0,0.5,1.0,0.861890975673867,1.0,0.7000000000000001,0.1
17,30.0,0.0,0.0,-0.25,1.0,0.186475128540085,1.0,0.7000000000000001,0.1
18,30.0,0.0,0.0,0.0,1.0,0.186475128540085,0.0,0.7000000000000001,0.1
19,30.0,1.0,1.0,0.5,1.0,0.861890975673867,1.0,0.7000000000000001,0.1
20,30.0,1.0,1.0,0.0,0.0,0.8015806596495204,1.0,0.7000000000000001,0.1
21,30.0,0.0,1.0,0.0,0.0,0.6441147014152245,0.0,0.7000000000000001,0.1
22,30.0,0.0,1.0,0.5,1.0,0.6668722162224923,1.0,0.7000000000000001,0.1
23,30.0,1.0,1.0,0.0,0.0,0.8015806596495204,1.0,0.7000000000000001,0.1
24,30.0,1.0,0.0,-0.25,1.0,0.186475128540085,1.0,0.7000000000000001,0.1
25,30.0,0.0,0.0,-0.25,1.0,0.14869245274846268,1.0,0.7000000000000001,0.1
26,30.0,1.0,1.0,0.25,1.0,0.9227698886380657,1.0,0.7000000000000001,0.1
27,30.0,0.0,0.0,-0.25,1.0,0.186475128540085,1.0,0.7000000000000001,0.1
28,30.0,1.0,0.0,-0.5,1.0,0.23995819188198844,1.0,0.7000000000000001,0.1
29,30.0,1.0,1.0,0.5,1.0,0.861890975673867,0.0,0.7000000000000001,0.1
30,30.0,1.0,1.0,0.0,1.0,0.9682480052507226,1.0,0.7000000000000001,0.1
31,30.0,0.0,1.0,0.0,0.0,0.5544833092345487,1.0,0.7000000000000001,0.1
32,30.0,1.0,1.0,0.5,1.0,0.9227698886380657,1.0,0.7000000000000001,0.1
33,30.0,1.0,0.0,-0.25,1.0,0.35130754725153734,1.0,0.7000000000000001,0.1
34,30.0,1.0,1.0,0.0,0.0,0.8015806596495204,1.0,0.7000000000000001,0.1
35,30.0,0.0,1.0,0.0,0.0,0.6441147014152244,0.0,0.7000000000000001,0.1
36,30.0,1.0,1.0,0.0,0.0,0.8927343074833141,1.0,0.7000000000000001,0.1
37,30.0,1.0,1.0,0.0,0.0,0.8015806596495203,1.0,0.7000000000000001,0.1
38,30.0,0.0,1.0,1.0,1.0,0.35299457864960837,0.0,0.7000000000000001,0.1
39,30.0,1.0,0.0,-0.25,1.0,0.186475128540085,1.0,0.7000000000000001,0.1
40,30.0,1.0,0.0,-0.25,1.0,0.35130754725153734,1.0,0.7000000000000001,0.1
41,30.0,0.0,0.0,-0.25,1.0,0.14869245274846268,0.0,0.7000000000000001,0.1
42,30.0,1.0,1.0,0.75,1.0,0.5610702764904111,0.0,0.7000000000000001,0.1
43,30.0,1.0,1.0,0.5,1.0,0.861890975673867,1.0,0.7000000000000001,0.1
44,30.0,1.0,1.0,0.75,1.0,0.861890975673867,0.0,0.7000000000000001,0.1
45,30.0,1.0,1.0,0.0,0.0,0.8015806596495204,1.0,0.7000000000000001,0.1
46,30.0,1.0,1.0,0.75,1.0,0.7443189054813198,1.0,0.7000000000000001,0.1
47,30.0,1.0,1.0,0.25,1.0,0.9508204414920906,0.0,0.7000000000000001,0.1
48,30.0,1.0,1.0,0.0,0.0,0.8927343074833141,1.0,0.7000000000000001,0.1
49,30.0,1.0,1.0,0.75,1.0,0.7443189054813198,1.0,0.7000000000000001,0.1
50,30.0,0.0,0.0,-0.25,1.0,0.14869245274846268,1.0,0.7000000000000001,0.1
51,30.0,1.0,1.0,0.75,1.0,0.7443189054813198,1.0,0.7000000000000001,0.1
52,30.0,1.0,1.0,0.5,1.0,0.9227698886380657,1.0,0.7000000000000001,0.1
53,30.0,1.0,1.0,0.75,1.0,0.7443189054813198,1.0,0.7000000000000001,0.1
54,30.0,0.0,1.0,0.5,1.0,0.6668722162224923,0.0,0.7000000000000001,0.1
55,30.0,0.0,0.0,-0.25,1.0,0.186475128540085,1.0,0.7000000000000001,0.1
56,30.0,1.0,0.0,0.0,1.0,0.6463692764374332,1.0,0.7000000000000001,0.1
57,30.0,1.0,1.0,0.25,1.0,0.9227698886380657,1.0,0.7000000000000001,0.1
58,30.0,0.0,1.0,1.0,1.0,0.35299457864960837,1.0,0.7000000000000001,0.1
59,30.0,1.0,1.0,0.75,1.0,0.7443189054813198,0.0,0.7000000000000001,0.1
60,30.0,1.0,1.0,0.25,1.0,0.9508204414920906,1.0,0.7000000000000001,0.1
61,30.0,1.0,1.0,0.0,0.0,0.9372497307365871,1.0,0.7000000000000001,0.1
62,30.0,0.0,1.0,1.0,1.0,0.2728187081125288,0.0,0.7000000000000001,0.1
63,30.0,0.0,1.0,0.5,1.0,0.7443189054813198,1.0,0.7000000000000001,0.1
64,30.0,0.0,0.0,-0.25,1.0,0.14869245274846268,0.0,0.7000000000000001,0.1
65,30.0,1.0,0.0,-0.25,1.0,0.186475128540085,1.0,0.7000000000000001,0.1
66,30.0,1.0,1.0,0.75,1.0,0.7443189054813198,1.0,0.7000000000000001,0.1
67,30.0,1.0,0.0,-0.25,1.0,0.186475128540085,0.0,0.7000000000000001,0.1
68,30.0,1.0,1.0,0.75,1.0,0.5610702764904111,1.0,0.7000000000000001,0.1
69,30.0,1.0,1.0,0.75,1.0,0.5610702764904111,0.0,0.7000000000000001,0.1
70,30.0,1.0,1.0,0.25,1.0,0.9508204414920906,1.0,0.7000000000000001,0.1
71,30.0,0.0,0.0,-0.25,1.0,0.186475128540085,0.0,0.7000000000000001,0.1
72,30.0,1.0,1.0,0.25,1.0,0.9227698886380657,1.0,0.7000000000000001,0.1
73,30.0,1.0,1.0,0.5,1.0,0.861890975673867,1.0,0.7000000000000001,0.1
74,30.0,1.0,0.0,0.0,1.0,0.440574614379745,1.0,0.7000000000000001,0.1
75,30.0,0.0,0.0,-0.25,1.0,0.1178769078541889,0.0,0.7000000000000001,0.1
76,30.0,0.0,0.0,-0.25,1.0,0.1178769078541889,0.0,0.7000000000000001,0.1
77,30.0,0.0,0.0,-0.25,1.0,0.10156335207473392,0.0,0.7000000000000001,0.1
78,30.0,1.0,1.0,0.0,0.0,0.6441147014152245,1.0,0.7000000000000001,0.1
79,30.0,1.0,1.0,0.25,1.0,0.9508204414920906,1.0,0.7000000000000001,0.1
80,30.0,0.0,0.0,-0.5,1.0,0.03550406122462133,1.0,0.7000000000000001,0.1
81,30.0,0.0,1.0,0.75,1.0,0.5610702764904111,1.0,0.7000000000000001,0.1
82,30.0,1.0,1.0,0.0,1.0,0.9508204414920907,1.0,0.7000000000000001,0.1
83,30.0,0.0,1.0,0.75,1.0,0.46780473408769385,1.0,0.7000000000000001,0.1
84,30.0,1.0,1.0,1.0,1.0,0.35299457864960837,1.0,0.7000000000000001,0.1
85,30.0,0.0,1.0,0.75,1.0,0.5610702764904111,1.0,0.7000000000000001,0.1
86,30.0,1.0,1.0,0.75,1.0,0.861890975673867,1.0,0.7000000000000001,0.1
87,30.0,0.0,0.0,0.0,1.0,0.25,1.0,0.7000000000000001,0.1
88,30.0,1.0,1.0,0.0,0.0,0.9372497307365871,1.0,0.7000000000000001,0.1
89,30.0,0.0,0.0,-0.5,1.0,0.1178769078541889,0.0,0.7000000000000001,0.1
0,31.0,1.0,1.0,0.0,0.0,0.7687203270852391,1.0,0.7000000000000001,0.1
1,31.0,0.0,1.0,0.0,0.0,0.3779130450017834,1.0,0.7000000000000001,0.1
2,31.0,1.0,1.0,0.75,1.0,0.5354897410553997,1.0,0.7000000000000001,0.1
3,31.0,0.0,0.0,-0.25,1.0,0.19082657091960167,0.0,0.7000000000000001,0.1
4,31.0,1.0,1.0,0.0,0.0,0.6722903179590787,1.0,0.7000000000000001,0.1
5,31.0,0.0,0.0,-0.5,1.0,0.1011067127954343,1.0,0.7000000000000001,0.1
6,31.0,1.0,1.0,0.0,1.0,0.9542363945836324,1.0,0.7000000000000001,0.1
7,31.0,1.0,1.0,0.0,0.0,0.6722903179590787,1.0,0.7000000000000001,0.1
8,31.0,0.0,0.0,-0.5,1.0,0.13787499457967226,0.0,0.7000000000000001,0.1
9,31.0,0.0,1.0,0.0,0.0,0.4509493203932979,0.0,0.7000000000000001,0.1
10,31.0,0.0,0.0,-0.25,1.0,0.19082657091960167,1.0,0.7000000000000001,0.1
11,31.0,0.0,0.0,-0.25,1.0,0.19082657091960167,0.0,0.7000000000000001,0.1
12,31.0,0.0,1.0,0.75,1.0,0.3709249554309684,0.0,0.7000000000000001,0.1
13,31.0,1.0,0.0,-0.25,1.0,0.21644177496097983,0.0,0.7000000000000001,0.1
14,31.0,1.0,1.0,0.0,1.0,0.9542363945836325,1.0,0.7000000000000001,0.1
15,31.0,0.0,0.0,-0.25,1.0,0.19082657091960167,0.0,0.7000000000000001,0.1
16,31.0,1.0,1.0,0.75,1.0,0.5354897410553997,1.0,0.7000000000000001,0.1
17,31.0,0.0,0.0,-0.25,1.0,0.1011067127954343,0.0,0.7000000000000001,0.1
18,31.0,0.0,0.0,-0.5,1.0,0.13787499457967226,1.0,0.7000000000000001,0.1
19,31.0,1.0,1.0,0.75,1.0,0.6512947866744052,1.0,0.7000000000000001,0.1
20,31.0,1.0,1.0,0.0,0.0,0.6722903179590787,0.0,0.7000000000000001,0.1
21,31.0,0.0,1.0,0.0,0.0,0.5120260020959099,0.0,0.7000000000000001,0.1
22,31.0,0.0,1.0,0.75,1.0,0.3709249554309684,1.0,0.7000000000000001,0.1
23,31.0,1.0,1.0,0.0,0.0,0.897170557953512,1.0,0.7000000000000001,0.1
24,31.0,0.0,0.0,-0.25,1.0,0.1777782887158275,0.0,0.7000000000000001,0.1
25,31.0,1.0,1.0,0.5,1.0,0.7516203322752687,1.0,0.7000000000000001,0.1
26,31.0,1.0,1.0,0.0,1.0,0.9542363945836324,1.0,0.7000000000000001,0.1
27,31.0,1.0,1.0,0.25,1.0,0.8305893970318939,1.0,0.7000000000000001,0.1
28,31.0,1.0,1.0,0.0,1.0,0.9542363945836325,1.0,0.7000000000000001,0.1
29,31.0,1.0,1.0,0.0,1.0,0.9542363945836324,1.0,0.7000000000000001,0.1
30,31.0,0.0,0.0,-0.25,1.0,0.1777782887158275,0.0,0.7000000000000001,0.1
31,31.0,0.0,1.0,0.0,0.0,0.5120260020959099,1.0,0.7000000000000001,0.1
32,31.0,1.0,1.0,0.0,1.0,0.9279010040138336,1.0,0.7000000000000001,0.1
33,31.0,1.0,1.0,0.25,1.0,0.8305893970318939,1.0,0.7000000000000001,0.1
34,31.0,1.0,1.0,0.0,0.0,0.897170557953512,1.0,0.7000000000000001,0.1
35,31.0,0.0,1.0,0.0,0.0,0.5120260020959099,0.0,0.7000000000000001,0.1
36,31.0,0.0,1.0,0.0,0.0,0.5120260020959099,0.0,0.7000000000000001,0.1
37,31.0,1.0,1.0,0.0,0.0,0.8971705579535121,1.0,0.7000000000000001,0.1
38,31.0,1.0,1.0,0.0,1.0,0.9542363945836324,1.0,0.7000000000000001,0.1
39,31.0,1.0,1.0,0.0,1.0,0.9542363945836324,1.0,0.7000000000000001,0.1
40,31.0,1.0,1.0,0.0,1.0,0.9279010040138336,1.0,0.7000000000000001,0.1
41,31.0,1.0,1.0,0.0,1.0,0.8881863137034085,1.0,0.7000000000000001,0.1
42,31.0,1.0,1.0,0.75,1.0,0.5354897410553997,0.0,0.7000000000000001,0.1
43,31.0,0.0,0.0,-0.5,1.0,0.13787499457967226,0.0,0.7000000000000001,0.1
44,31.0,1.0,1.0,0.0,1.0,0.9279010040138337,1.0,0.7000000000000001,0.1
45,31.0,0.0,1.0,0.0,0.0,0.5120260020959099,0.0,0.7000000000000001,0.1
46,31.0,1.0,1.0,0.0,1.0,0.9542363945836324,1.0,0.7000000000000001,0.1
47,31.0,1.0,0.0,-0.25,1.0,0.3091734290803983,1.0,0.7000000000000001,0.1
48,31.0,0.0,1.0,0.0,0.0,0.5120260020959099,0.0,0.7000000000000001,0.1
49,31.0,0.0,0.0,-0.25,1.0,0.19082657091960167,1.0,0.7000000000000001,0.1
50,31.0,1.0,1.0,0.0,1.0,0.8881863137034086,1.0,0.7000000000000001,0.1
51,31.0,1.0,1.0,0.0,1.0,0.9279010040138336,1.0,0.7000000000000001,0.1
52,31.0,0.0,1.0,0.75,1.0,0.3709249554309684,0.0,0.7000000000000001,0.1
53,31.0,0.0,0.0,-0.25,1.0,0.19082657091960167,0.0,0.7000000000000001,0.1
54,31.0,1.0,1.0,0.75,1.0,0.6512947866744052,1.0,0.7000000000000001,0.1
55,31.0,1.0,0.0,-0.25,1.0,0.3091734290803983,0.0,0.7000000000000001,0.1
56,31.0,0.0,0.0,-0.25,1.0,0.19082657091960167,1.0,0.7000000000000001,0.1
57,31.0,1.0,1.0,0.0,1.0,0.9542363945836325,1.0,0.7000000000000001,0.1
58,31.0,1.0,1.0,0.0,1.0,0.9279010040138337,1.0,0.7000000000000001,0.1
59,31.0,1.0,1.0,0.0,1.0,0.9279010040138336,1.0,0.7000000000000001,0.1
60,31.0,0.0,0.0,-0.25,1.0,0.21644177496097983,1.0,0.7000000000000001,0.1
61,31.0,1.0,1.0,0.0,0.0,0.8433855168683871,1.0,0.7000000000000001,0.1
62,31.0,1.0,1.0,0.75,1.0,0.6512947866744052,1.0,0.7000000000000001,0.1
63,31.0,1.0,0.0,-0.25,1.0,0.21644177496097983,0.0,0.7000000000000001,0.1
64,31.0,1.0,1.0,0.25,1.0,0.8305893970318939,1.0,0.7000000000000001,0.1
65,31.0,0.0,1.0,0.75,1.0,0.4157270640811028,0.0,0.7000000000000001,0.1
66,31.0,1.0,1.0,0.25,1.0,0.8881863137034086,1.0,0.7000000000000001,0.1
67,31.0,0.0,0.0,-0.25,1.0,0.19082657091960167,0.0,0.7000000000000001,0.1
68,31.0,1.0,1.0,0.5,1.0,0.6512947866744052,1.0,0.7000000000000001,0.1
69,31.0,1.0,1.0,0.0,1.0,0.9279010040138337,1.0,0.7000000000000001,0.1
70,31.0,1.0,1.0,0.75,1.0,0.5354897410553997,0.0,0.7000000000000001,0.1
71,31.0,0.0,0.0,-0.5,1.0,0.13787499457967226,0.0,0.7000000000000001,0.1
72,31.0,1.0,0.0,-0.25,1.0,0.3091734290803983,0.0,0.7000000000000001,0.1
73,31.0,0.0,1.0,0.75,1.0,0.3709249554309684,1.0,0.7000000000000001,0.1
74,31.0,1.0,0.0,-0.5,1.0,0.2594295651114527,0.0,0.7000000000000001,0.1
75,31.0,1.0,0.0,-0.25,1.0,0.21644177496097983,0.0,0.7000000000000001,0.1
76,31.0,1.0,1.0,0.0,1.0,0.9279010040138337,1.0,0.7000000000000001,0.1
77,31.0,0.0,0.0,-0.25,1.0,0.13787499457967226,0.0,0.7000000000000001,0.1
78,31.0,1.0,1.0,0.0,0.0,0.6722903179590787,0.0,0.7000000000000001,0.1
79,31.0,1.0,0.0,-0.25,1.0,0.3091734290803983,1.0,0.7000000000000001,0.1
80,31.0,1.0,1.0,0.25,1.0,0.8881863137034085,0.0,0.7000000000000001,0.1
81,31.0,1.0,0.0,-0.5,1.0,0.2594295651114527,1.0,0.7000000000000001,0.1
82,31.0,1.0,1.0,0.0,1.0,0.9542363945836324,1.0,0.7000000000000001,0.1
83,31.0,0.0,0.0,-0.25,1.0,0.1777782887158275,0.0,0.7000000000000001,0.1
84,31.0,1.0,1.0,0.5,1.0,0.6512947866744052,0.0,0.7000000000000001,0.1
85,31.0,1.0,1.0,0.0,1.0,0.9542363945836325,1.0,0.7000000000000001,0.1
86,31.0,0.0,0.0,-0.25,1.0,0.1777782887158275,0.0,0.7000000000000001,0.1
87,31.0,1.0,1.0,0.75,1.0,0.6512947866744052,1.0,0.7000000000000001,0.1
88,31.0,1.0,1.0,0.0,0.0,0.8433855168683871,1.0,0.7000000000000001,0.1
89,31.0,1.0,1.0,0.0,1.0,0.9542363945836325,1.0,0.7000000000000001,0.1
0,32.0,0.0,1.0,0.0,0.0,0.35481452398773705,1.0,0.7000000000000001,0.1
1,32.0,0.0,1.0,0.0,0.0,0.44185526694574195,0.0,0.7000000000000001,0.1
2,32.0,0.0,0.0,-0.75,1.0,0.1568763341820912,1.0,0.7000000000000001,0.1
3,32.0,0.0,0.0,-0.75,1.0,0.12685153594720866,0.0,0.7000000000000001,0.1
4,32.0,0.0,1.0,0.0,0.0,0.44185526694574195,0.0,0.7000000000000001,0.1
5,32.0,1.0,1.0,0.25,1.0,0.633094566962681,1.0,0.7000000000000001,0.1
6,32.0,1.0,0.0,-0.75,1.0,0.37314846405279134,1.0,0.7000000000000001,0.1
7,32.0,0.0,1.0,0.0,0.0,0.35481452398773705,0.0,0.7000000000000001,0.1
8,32.0,0.0,1.0,0.75,1.0,0.3388962830488151,1.0,0.7000000000000001,0.1
9,32.0,0.0,1.0,0.0,0.0,0.4013821108358423,0.0,0.7000000000000001,0.1
10,32.0,1.0,1.0,0.75,1.0,0.4566614470830668,1.0,0.7000000000000001,0.1
11,32.0,1.0,1.0,0.75,1.0,0.4566614470830668,1.0,0.7000000000000001,0.1
12,32.0,0.0,0.0,-0.75,1.0,0.1268515359472087,0.0,0.7000000000000001,0.1
13,32.0,0.0,0.0,-0.25,1.0,0.19790192715551408,1.0,0.7000000000000001,0.1
14,32.0,0.0,0.0,-0.75,1.0,0.08581405631813135,0.0,0.7000000000000001,0.1
15,32.0,1.0,1.0,0.25,1.0,0.7798550088558096,1.0,0.7000000000000001,0.1
16,32.0,0.0,0.0,-0.75,1.0,0.08581405631813135,1.0,0.7000000000000001,0.1
17,32.0,1.0,0.0,-0.75,1.0,0.37314846405279134,0.0,0.7000000000000001,0.1
18,32.0,0.0,0.0,-0.75,1.0,0.08581405631813134,0.0,0.7000000000000001,0.1
19,32.0,0.0,0.0,-0.25,1.0,0.13860318545407865,1.0,0.7000000000000001,0.1
20,32.0,0.0,1.0,0.0,0.0,0.44185526694574195,0.0,0.7000000000000001,0.1
21,32.0,0.0,1.0,0.0,0.0,0.44185526694574195,0.0,0.7000000000000001,0.1
22,32.0,0.0,0.0,-0.25,1.0,0.19790192715551408,0.0,0.7000000000000001,0.1
23,32.0,1.0,1.0,0.0,0.0,0.7271273354798434,1.0,0.7000000000000001,0.1
24,32.0,0.0,1.0,0.75,1.0,0.3027386719665578,1.0,0.7000000000000001,0.1
25,32.0,1.0,0.0,-0.25,1.0,0.4614698805904988,0.0,0.7000000000000001,0.1
26,32.0,0.0,0.0,-0.25,1.0,0.20552178473562865,0.0,0.7000000000000001,0.1
27,32.0,0.0,0.0,-0.25,1.0,0.2255894137476953,1.0,0.7000000000000001,0.1
28,32.0,1.0,1.0,0.0,1.0,0.7120105032011058,1.0,0.7000000000000001,0.1
29,32.0,1.0,0.0,-0.75,1.0,0.22477745104531874,1.0,0.7000000000000001,0.1
30,32.0,0.0,1.0,0.75,1.0,0.3388962830488151,1.0,0.7000000000000001,0.1
31,32.0,0.0,1.0,0.0,0.0,0.44185526694574195,0.0,0.7000000000000001,0.1
32,32.0,1.0,1.0,0.0,1.0,0.835411309884363,1.0,0.7000000000000001,0.1
33,32.0,1.0,0.0,-0.75,1.0,0.37314846405279134,0.0,0.7000000000000001,0.1
34,32.0,0.0,1.0,0.0,0.0,0.3548145239877371,0.0,0.7000000000000001,0.1
35,32.0,0.0,1.0,0.0,0.0,0.35481452398773705,0.0,0.7000000000000001,0.1
36,32.0,0.0,1.0,0.0,0.0,0.35481452398773705,0.0,0.7000000000000001,0.1
37,32.0,0.0,1.0,0.0,0.0,0.35481452398773705,0.0,0.7000000000000001,0.1
38,32.0,0.0,1.0,0.75,1.0,0.2625951932921253,1.0,0.7000000000000001,0.1
39,32.0,1.0,0.0,-0.75,1.0,0.22477745104531877,1.0,0.7000000000000001,0.1
40,32.0,1.0,1.0,0.25,1.0,0.7798550088558096,0.0,0.7000000000000001,0.1
41,32.0,0.0,0.0,-0.75,1.0,0.1568763341820912,0.0,0.7000000000000001,0.1
42,32.0,0.0,0.0,-0.25,1.0,0.19790192715551408,0.0,0.7000000000000001,0.1
43,32.0,0.0,0.0,-0.25,1.0,0.19790192715551408,0.0,0.7000000000000001,0.1
44,32.0,0.0,0.0,-0.25,1.0,0.13860318545407863,0.0,0.7000000000000001,0.1
45,32.0,0.0,1.0,0.0,0.0,0.44185526694574195,0.0,0.7000000000000001,0.1
46,32.0,1.0,1.0,0.25,1.0,0.7798550088558096,1.0,0.7000000000000001,0.1
47,32.0,0.0,1.0,0.75,1.0,0.3388962830488151,1.0,0.7000000000000001,0.1
48,32.0,0.0,1.0,0.0,0.0,0.3548145239877371,0.0,0.7000000000000001,0.1
49,32.0,0.0,0.0,-0.75,1.0,0.1268515359472087,0.0,0.7000000000000001,0.1
50,32.0,0.0,0.0,-0.25,1.0,0.20552178473562865,1.0,0.7000000000000001,0.1
51,32.0,0.0,0.0,-0.75,1.0,0.13860318545407863,0.0,0.7000000000000001,0.1
52,32.0,0.0,1.0,0.25,1.0,0.4223296111077976,1.0,0.7000000000000001,0.1
53,32.0,0.0,0.0,-0.25,1.0,0.20552178473562865,0.0,0.7000000000000001,0.1
54,32.0,0.0,0.0,-0.75,1.0,0.1568763341820912,0.0,0.7000000000000001,0.1
55,32.0,1.0,0.0,-0.75,1.0,0.2935122782449885,0.0,0.7000000000000001,0.1
56,32.0,0.0,0.0,-0.75,1.0,0.13860318545407863,1.0,0.7000000000000001,0.1
57,32.0,0.0,0.0,-0.25,1.0,0.20552178473562865,0.0,0.7000000000000001,0.1
58,32.0,1.0,0.0,-0.75,1.0,0.3731484640527914,1.0,0.7000000000000001,0.1
59,32.0,0.0,0.0,-0.75,1.0,0.1268515359472087,1.0,0.7000000000000001,0.1
60,32.0,0.0,0.0,-0.25,1.0,0.19790192715551408,0.0,0.7000000000000001,0.1
61,32.0,1.0,1.0,0.0,0.0,0.7271273354798434,1.0,0.7000000000000001,0.1
62,32.0,0.0,0.0,-0.25,1.0,0.19790192715551408,0.0,0.7000000000000001,0.1
63,32.0,0.0,0.0,-0.75,1.0,0.13860318545407865,0.0,0.7000000000000001,0.1
64,32.0,0.0,0.0,-0.75,1.0,0.13860318545407863,0.0,0.7000000000000001,0.1
65,32.0,0.0,0.0,-0.75,1.0,0.13860318545407863,0.0,0.7000000000000001,0.1
66,32.0,0.0,0.0,-0.75,1.0,0.13860318545407863,0.0,0.7000000000000001,0.1
67,32.0,0.0,0.0,-0.75,1.0,0.13860318545407863,0.0,0.7000000000000001,0.1
68,32.0,0.0,0.0,-0.75,1.0,0.15687633418209124,0.0,0.7000000000000001,0.1
69,32.0,1.0,0.0,-0.25,1.0,0.2944782152643713,0.0,0.7000000000000001,0.1
70,32.0,1.0,0.0,-0.25,1.0,0.4614698805904987,0.0,0.7000000000000001,0.1
71,32.0,0.0,0.0,-0.25,1.0,0.19790192715551408,1.0,0.7000000000000001,0.1
72,32.0,1.0,1.0,0.25,1.0,0.7798550088558095,1.0,0.7000000000000001,0.1
73,32.0,0.0,0.0,-0.25,1.0,0.19790192715551408,0.0,0.7000000000000001,0.1
74,32.0,0.0,0.0,-0.75,1.0,0.08581405631813135,0.0,0.7000000000000001,0.1
75,32.0,0.0,0.0,-0.75,1.0,0.13860318545407865,0.0,0.7000000000000001,0.1
76,32.0,0.0,0.0,-1.0,1.0,0.13075871995185473,0.0,0.7000000000000001,0.1
77,32.0,1.0,0.0,-0.25,1.0,0.4614698805904987,0.0,0.7000000000000001,0.1
78,32.0,0.0,1.0,0.0,0.0,0.44185526694574195,0.0,0.7000000000000001,0.1
79,32.0,0.0,0.0,-0.75,1.0,0.15687633418209124,0.0,0.7000000000000001,0.1
80,32.0,1.0,0.0,-0.75,1.0,0.22477745104531877,0.0,0.7000000000000001,0.1
81,32.0,0.0,1.0,0.25,1.0,0.5127695612477343,0.0,0.7000000000000001,0.1
82,32.0,1.0,0.0,-0.25,1.0,0.4614698805904987,1.0,0.7000000000000001,0.1
83,32.0,0.0,0.0,-0.25,1.0,0.2255894137476953,0.0,0.7000000000000001,0.1
84,32.0,0.0,1.0,0.75,1.0,0.3388962830488151,0.0,0.7000000000000001,0.1
85,32.0,1.0,1.0,0.25,1.0,0.5463323672688358,1.0,0.7000000000000001,0.1
86,32.0,0.0,0.0,-0.75,1.0,0.15687633418209124,0.0,0.7000000000000001,0.1
87,32.0,0.0,0.0,-0.25,1.0,0.15687633418209124,1.0,0.7000000000000001,0.1
88,32.0,0.0,1.0,0.0,0.0,0.3548145239877371,1.0,0.7000000000000001,0.1
89,32.0,0.0,0.0,-0.75,1.0,0.15687633418209124,0.0,0.7000000000000001,0.1
0,33.0,0.0,1.0,0.0,0.0,0.6513288093508725,1.0,0.7000000000000001,0.1
1,33.0,1.0,1.0,0.0,0.0,0.9622032624339651,1.0,0.7000000000000001,0.1
2,33.0,1.0,1.0,0.0,1.0,0.995684178843309,1.0,0.7000000000000001,0.1
3,33.0,0.0,0.0,-0.25,1.0,0.19437708576888554,0.0,0.7000000000000001,0.1
4,33.0,1.0,1.0,0.0,0.0,0.8469737390594952,1.0,0.7000000000000001,0.1
5,33.0,1.0,0.0,-0.25,1.0,0.7041415785520261,1.0,0.7000000000000001,0.1
6,33.0,1.0,1.0,0.0,1.0,0.995684178843309,1.0,0.7000000000000001,0.1
7,33.0,1.0,1.0,0.0,0.0,0.8469737390594952,1.0,0.7000000000000001,0.1
8,33.0,1.0,0.0,-0.5,1.0,0.13158798799612256,1.0,0.7000000000000001,0.1
9,33.0,0.0,1.0,0.0,0.0,0.6513288093508725,0.0,0.7000000000000001,0.1
10,33.0,0.0,0.0,-0.25,1.0,0.13158798799612256,0.0,0.7000000000000001,0.1
11,33.0,0.0,0.0,0.0,1.0,0.19437708576888554,1.0,0.7000000000000001,0.1
12,33.0,1.0,1.0,0.0,1.0,0.995684178843309,1.0,0.7000000000000001,0.1
13,33.0,0.0,1.0,0.75,1.0,0.44451427919660474,1.0,0.7000000000000001,0.1
14,33.0,1.0,1.0,0.0,1.0,0.9956841788433087,1.0,0.7000000000000001,0.1
15,33.0,0.0,1.0,0.75,1.0,0.5250646622506548,1.0,0.7000000000000001,0.1
16,33.0,1.0,1.0,1.0,1.0,0.5250646622506548,1.0,0.7000000000000001,0.1
17,33.0,1.0,0.0,-0.25,1.0,0.19437708576888554,1.0,0.7000000000000001,0.1
18,33.0,0.0,0.0,-0.25,1.0,0.13158798799612256,1.0,0.7000000000000001,0.1
19,33.0,1.0,0.0,-0.25,1.0,0.3409992537225988,1.0,0.7000000000000001,0.1
20,33.0,1.0,1.0,0.0,0.0,0.9820133364847464,1.0,0.7000000000000001,0.1
21,33.0,0.0,1.0,0.0,0.0,0.7207306477633783,0.0,0.7000000000000001,0.1
22,33.0,1.0,1.0,0.0,1.0,0.995684178843309,1.0,0.7000000000000001,0.1
23,33.0,0.0,1.0,0.0,0.0,0.6513288093508723,1.0,0.7000000000000001,0.1
24,33.0,0.0,0.0,-0.75,1.0,0.009969805682712503,1.0,0.7000000000000001,0.1
25,33.0,1.0,1.0,0.25,1.0,0.9589964344570585,1.0,0.7000000000000001,0.1
26,33.0,1.0,1.0,0.0,1.0,0.9907896200297804,1.0,0.7000000000000001,0.1
27,33.0,0.0,0.0,0.0,1.0,0.25,1.0,0.7000000000000001,0.1
28,33.0,1.0,1.0,0.5,1.0,0.8356601598830178,1.0,0.7000000000000001,0.1
29,33.0,1.0,0.0,-0.25,1.0,0.34099925372259876,1.0,0.7000000000000001,0.1
30,33.0,0.0,0.0,-0.75,1.0,0.04139895945792045,0.0,0.7000000000000001,0.1
31,33.0,1.0,1.0,0.0,0.0,0.8469737390594952,1.0,0.7000000000000001,0.1
32,33.0,1.0,1.0,0.0,1.0,0.995684178843309,1.0,0.7000000000000001,0.1
33,33.0,0.0,0.0,-0.25,1.0,0.19437708576888554,0.0,0.7000000000000001,0.1
34,33.0,0.0,1.0,0.0,0.0,0.6513288093508723,0.0,0.7000000000000001,0.1
35,33.0,0.0,1.0,0.0,0.0,0.7207306477633783,1.0,0.7000000000000001,0.1
36,33.0,1.0,1.0,0.0,0.0,0.9622032624339651,1.0,0.7000000000000001,0.1
37,33.0,1.0,1.0,0.0,0.0,0.9622032624339651,1.0,0.7000000000000001,0.1
38,33.0,1.0,1.0,0.0,1.0,0.995684178843309,1.0,0.7000000000000001,0.1
39,33.0,1.0,1.0,0.0,1.0,0.9907896200297804,1.0,0.7000000000000001,0.1
40,33.0,1.0,1.0,0.0,1.0,0.995684178843309,1.0,0.7000000000000001,0.1
41,33.0,1.0,0.0,-0.25,1.0,0.34099925372259876,1.0,0.7000000000000001,0.1
42,33.0,1.0,1.0,0.5,1.0,0.9589964344570585,1.0,0.7000000000000001,0.1
43,33.0,0.0,0.0,-0.25,1.0,0.19437708576888554,1.0,0.7000000000000001,0.1
44,33.0,0.0,0.0,-0.5,1.0,0.08929404017012456,0.0,0.7000000000000001,0.1
45,33.0,0.0,1.0,0.0,0.0,0.5398429715046099,0.0,0.7000000000000001,0.1
46,33.0,1.0,1.0,0.0,1.0,0.995684178843309,1.0,0.7000000000000001,0.1
47,33.0,0.0,0.0,-0.25,1.0,0.13158798799612256,1.0,0.7000000000000001,0.1
48,33.0,1.0,1.0,0.0,0.0,0.9820133364847464,1.0,0.7000000000000001,0.1
49,33.0,0.0,0.0,-0.25,1.0,0.15900074627740127,1.0,0.7000000000000001,0.1
50,33.0,1.0,1.0,0.25,1.0,0.9804531309865576,1.0,0.7000000000000001,0.1
51,33.0,1.0,1.0,0.75,1.0,0.703352609979367,1.0,0.7000000000000001,0.1
52,33.0,1.0,0.0,-0.25,1.0,0.19437708576888554,0.0,0.7000000000000001,0.1
53,33.0,0.0,0.0,-0.75,1.0,0.07773498242336817,0.0,0.7000000000000001,0.1
54,33.0,0.0,1.0,0.75,1.0,0.44451427919660474,1.0,0.7000000000000001,0.1
55,33.0,1.0,0.0,0.0,1.0,0.25,0.0,0.7000000000000001,0.1
56,33.0,0.0,1.0,0.75,1.0,0.44451427919660474,1.0,0.7000000000000001,0.1
57,33.0,1.0,1.0,0.5,1.0,0.916004414223782,1.0,0.7000000000000001,0.1
58,33.0,1.0,1.0,0.5,1.0,0.9589964344570585,1.0,0.7000000000000001,0.1
59,33.0,1.0,1.0,0.0,1.0,0.995684178843309,1.0,0.7000000000000001,0.1
60,33.0,1.0,1.0,0.75,1.0,0.8356601598830178,1.0,0.7000000000000001,0.1
61,33.0,0.0,1.0,0.0,0.0,0.5398429715046099,1.0,0.7000000000000001,0.1
62,33.0,1.0,1.0,1.0,1.0,0.34014937247746235,1.0,0.7000000000000001,0.1
63,33.0,1.0,1.0,0.0,1.0,0.9804531309865576,1.0,0.7000000000000001,0.1
64,33.0,0.0,0.0,-0.25,1.0,0.19437708576888554,0.0,0.7000000000000001,0.1
65,33.0,0.0,0.0,-0.25,1.0,0.1590007462774012,1.0,0.7000000000000001,0.1
66,33.0,1.0,1.0,0.0,1.0,0.9907896200297804,1.0,0.7000000000000001,0.1
67,33.0,1.0,1.0,0.0,1.0,0.9956841788433087,1.0,0.7000000000000001,0.1
68,33.0,1.0,1.0,0.0,1.0,0.9907896200297804,1.0,0.7000000000000001,0.1
69,33.0,0.0,1.0,0.5,1.0,0.7033526099793671,1.0,0.7000000000000001,0.1
70,33.0,0.0,0.0,-0.25,1.0,0.13158798799612256,1.0,0.7000000000000001,0.1
71,33.0,0.0,0.0,-0.25,1.0,0.1315879879961226,1.0,0.7000000000000001,0.1
72,33.0,1.0,1.0,0.25,1.0,0.9589964344570585,1.0,0.7000000000000001,0.1
73,33.0,1.0,1.0,0.25,1.0,0.9804531309865576,1.0,0.7000000000000001,0.1
74,33.0,0.0,0.0,-0.25,1.0,0.07773498242336817,0.0,0.7000000000000001,0.1
75,33.0,0.0,0.0,-0.25,1.0,0.19437708576888554,0.0,0.7000000000000001,0.1
76,33.0,0.0,0.0,-0.5,1.0,0.13158798799612256,1.0,0.7000000000000001,0.1
77,33.0,1.0,0.0,-0.25,1.0,0.7041415785520261,1.0,0.7000000000000001,0.1
78,33.0,0.0,1.0,0.0,0.0,0.6513288093508725,1.0,0.7000000000000001,0.1
79,33.0,1.0,1.0,0.5,1.0,0.8356601598830178,1.0,0.7000000000000001,0.1
80,33.0,1.0,0.0,-0.25,1.0,0.34099925372259876,1.0,0.7000000000000001,0.1
81,33.0,0.0,0.0,-0.25,1.0,0.13158798799612256,0.0,0.7000000000000001,0.1
82,33.0,1.0,1.0,0.25,1.0,0.9589964344570585,1.0,0.7000000000000001,0.1
83,33.0,1.0,1.0,0.25,1.0,0.9804531309865576,1.0,0.7000000000000001,0.1
84,33.0,0.0,0.0,-0.5,1.0,0.020673857614431163,1.0,0.7000000000000001,0.1
85,33.0,0.0,1.0,0.25,1.0,0.7863532318952072,1.0,0.7000000000000001,0.1
86,33.0,0.0,0.0,-0.5,1.0,0.04139895945792045,0.0,0.7000000000000001,0.1
87,33.0,1.0,1.0,0.0,1.0,0.9956841788433087,1.0,0.7000000000000001,0.1
88,33.0,1.0,1.0,0.0,0.0,0.9820133364847466,1.0,0.7000000000000001,0.1
89,33.0,1.0,1.0,0.0,1.0,0.9956841788433087,1.0,0.7000000000000001,0.1
0,37.0,0.0,1.0,0.0,0.0,0.31125497965335364,1.0,0.7000000000000001,0.1
1,37.0,0.0,1.0,0.0,0.0,0.31125497965335364,0.0,0.7000000000000001,0.1
2,37.0,0.0,0.0,0.0,1.0,0.25,0.0,0.7000000000000001,0.1
3,37.0,0.0,0.0,0.0,1.0,0.25,0.0,0.7000000000000001,0.1
4,37.0,1.0,1.0,0.0,0.0,0.3947628021860678,1.0,0.7000000000000001,0.1
5,37.0,0.0,0.0,0.0,1.0,0.25,1.0,0.7000000000000001,0.1
6,37.0,1.0,1.0,1.0,1.0,0.557375167182224,1.0,0.7000000000000001,0.1
7,37.0,0.0,1.0,0.0,0.0,0.3947628021860678,1.0,0.7000000000000001,0.1
8,37.0,0.0,1.0,0.75,1.0,0.557375167182224,1.0,0.7000000000000001,0.1
9,37.0,1.0,1.0,0.0,0.0,0.6031179309865821,1.0,0.7000000000000001,0.1
10,37.0,0.0,0.0,0.0,1.0,0.1876221274195207,0.0,0.7000000000000001,0.1
11,37.0,0.0,0.0,0.0,1.0,0.25,1.0,0.7000000000000001,0.1
12,37.0,0.0,0.0,0.0,1.0,0.25,1.0,0.7000000000000001,0.1
13,37.0,0.0,0.0,-0.25,1.0,0.1876221274195207,1.0,0.7000000000000001,0.1
14,37.0,0.0,0.0,0.0,1.0,0.25,0.0,0.7000000000000001,0.1
15,37.0,0.0,0.0,0.0,1.0,0.25,0.0,0.7000000000000001,0.1
16,37.0,1.0,1.0,1.0,1.0,0.557375167182224,0.0,0.7000000000000001,0.1
17,37.0,0.0,0.0,0.0,1.0,0.25,0.0,0.7000000000000001,0.1
18,37.0,0.0,0.0,0.0,1.0,0.25,1.0,0.7000000000000001,0.1
19,37.0,1.0,1.0,0.25,1.0,0.9885648316994057,1.0,0.7000000000000001,0.1
20,37.0,1.0,1.0,0.0,0.0,0.3947628021860678,1.0,0.7000000000000001,0.1
21,37.0,0.0,1.0,0.0,0.0,0.3947628021860678,0.0,0.7000000000000001,0.1
22,37.0,0.0,0.0,0.0,1.0,0.25,1.0,0.7000000000000001,0.1
23,37.0,1.0,1.0,0.0,0.0,0.6031179309865821,1.0,0.7000000000000001,0.1
24,37.0,0.0,0.0,0.0,1.0,0.25,0.0,0.7000000000000001,0.1
25,37.0,0.0,0.0,0.0,1.0,0.25,1.0,0.7000000000000001,0.1
26,37.0,1.0,1.0,1.0,1.0,0.350852763372101,1.0,0.7000000000000001,0.1
27,37.0,0.0,0.0,0.0,1.0,0.25,1.0,0.7000000000000001,0.1
28,37.0,1.0,1.0,0.25,1.0,0.9885648316994057,1.0,0.7000000000000001,0.1
29,37.0,1.0,1.0,1.0,1.0,0.350852763372101,1.0,0.7000000000000001,0.1
30,37.0,0.0,0.0,-0.25,1.0,0.1876221274195207,1.0,0.7000000000000001,0.1
31,37.0,0.0,1.0,0.0,0.0,0.3947628021860678,1.0,0.7000000000000001,0.1
32,37.0,1.0,1.0,1.0,1.0,0.350852763372101,1.0,0.7000000000000001,0.1
33,37.0,0.0,0.0,0.0,1.0,0.25,1.0,0.7000000000000001,0.1
34,37.0,0.0,1.0,0.0,0.0,0.3947628021860678,0.0,0.7000000000000001,0.1
35,37.0,0.0,1.0,0.0,0.0,0.3947628021860678,1.0,0.7000000000000001,0.1
36,37.0,0.0,1.0,0.0,0.0,0.3947628021860678,1.0,0.7000000000000001,0.1
37,37.0,0.0,1.0,0.0,0.0,0.3947628021860678,1.0,0.7000000000000001,0.1
38,37.0,0.0,0.0,0.0,1.0,0.25,1.0,0.7000000000000001,0.1
39,37.0,0.0,0.0,0.0,1.0,0.25,1.0,0.7000000000000001,0.1
40,37.0,0.0,0.0,0.0,1.0,0.1876221274195207,0.0,0.7000000000000001,0.1
41,37.0,0.0,1.0,1.0,1.0,0.27245225778717036,1.0,0.7000000000000001,0.1
42,37.0,0.0,0.0,0.0,1.0,0.1876221274195207,0.0,0.7000000000000001,0.1
43,37.0,1.0,1.0,1.0,1.0,0.350852763372101,1.0,0.7000000000000001,0.1
44,37.0,0.0,1.0,1.0,1.0,0.350852763372101,0.0,0.7000000000000001,0.1
45,37.0,0.0,1.0,0.0,0.0,0.3947628021860678,0.0,0.7000000000000001,0.1
46,37.0,0.0,1.0,1.0,1.0,0.350852763372101,1.0,0.7000000000000001,0.1
47,37.0,0.0,0.0,0.0,1.0,0.25,0.0,0.7000000000000001,0.1
48,37.0,1.0,1.0,0.0,0.0,0.3947628021860678,0.0,0.7000000000000001,0.1
49,37.0,1.0,1.0,1.0,1.0,0.350852763372101,1.0,0.7000000000000001,0.1
50,37.0,0.0,0.0,0.0,1.0,0.25,0.0,0.7000000000000001,0.1
51,37.0,0.0,0.0,0.0,1.0,0.25,1.0,0.7000000000000001,0.1
52,37.0,0.0,1.0,1.0,1.0,0.350852763372101,1.0,0.7000000000000001,0.1
53,37.0,0.0,0.0,0.0,1.0,0.25,0.0,0.7000000000000001,0.1
54,37.0,0.0,1.0,1.0,1.0,0.350852763372101,1.0,0.7000000000000001,0.1
55,37.0,0.0,0.0,0.0,1.0,0.25,0.0,0.7000000000000001,0.1
56,37.0,1.0,1.0,1.0,1.0,0.557375167182224,1.0,0.7000000000000001,0.1
57,37.0,0.0,0.0,0.0,1.0,0.25,1.0,0.7000000000000001,0.1
58,37.0,0.0,0.0,0.0,1.0,0.1876221274195207,0.0,0.7000000000000001,0.1
59,37.0,0.0,0.0,-0.25,1.0,0.1876221274195207,1.0,0.7000000000000001,0.1
60,37.0,1.0,1.0,1.0,1.0,0.5573751671822239,1.0,0.7000000000000001,0.1
61,37.0,0.0,1.0,0.0,0.0,0.3947628021860678,0.0,0.7000000000000001,0.1
62,37.0,1.0,0.0,0.0,1.0,0.25,0.0,0.7000000000000001,0.1
63,37.0,0.0,1.0,0.75,1.0,0.5573751671822239,1.0,0.7000000000000001,0.1
64,37.0,1.0,1.0,1.0,1.0,0.350852763372101,0.0,0.7000000000000001,0.1
65,37.0,1.0,1.0,1.0,1.0,0.350852763372101,1.0,0.7000000000000001,0.1
66,37.0,1.0,1.0,0.25,1.0,0.9885648316994057,1.0,0.7000000000000001,0.1
67,37.0,0.0,0.0,0.0,1.0,0.25,0.0,0.7000000000000001,0.1
68,37.0,0.0,1.0,1.0,1.0,0.350852763372101,1.0,0.7000000000000001,0.1
69,37.0,1.0,0.0,0.0,1.0,0.25,0.0,0.7000000000000001,0.1
70,37.0,0.0,0.0,0.0,1.0,0.25,1.0,0.7000000000000001,0.1
71,37.0,0.0,0.0,0.0,1.0,0.25,0.0,0.7000000000000001,0.1
72,37.0,0.0,1.0,1.0,1.0,0.350852763372101,0.0,0.7000000000000001,0.1
73,37.0,0.0,0.0,0.0,1.0,0.25,1.0,0.7000000000000001,0.1
74,37.0,0.0,1.0,1.0,1.0,0.350852763372101,0.0,0.7000000000000001,0.1
75,37.0,0.0,1.0,1.0,1.0,0.350852763372101,1.0,0.7000000000000001,0.1
76,37.0,0.0,1.0,1.0,1.0,0.350852763372101,1.0,0.7000000000000001,0.1
77,37.0,1.0,1.0,1.0,1.0,0.5573751671822239,0.0,0.7000000000000001,0.1
78,37.0,1.0,1.0,0.0,0.0,0.6031179309865821,0.0,0.7000000000000001,0.1
79,37.0,0.0,1.0,1.0,1.0,0.350852763372101,1.0,0.7000000000000001,0.1
80,37.0,0.0,0.0,0.0,1.0,0.25,0.0,0.7000000000000001,0.1
81,37.0,1.0,0.0,0.0,1.0,0.25,0.0,0.7000000000000001,0.1
82,37.0,1.0,1.0,0.75,1.0,0.7457978864061232,1.0,0.7000000000000001,0.1
83,37.0,1.0,0.0,0.0,1.0,0.25,0.0,0.7000000000000001,0.1
84,37.0,1.0,0.0,0.0,1.0,0.25,1.0,0.7000000000000001,0.1
85,37.0,1.0,1.0,0.75,1.0,0.7457978864061233,1.0,0.7000000000000001,0.1
86,37.0,0.0,1.0,1.0,1.0,0.350852763372101,1.0,0.7000000000000001,0.1
87,37.0,0.0,1.0,1.0,1.0,0.350852763372101,1.0,0.7000000000000001,0.1
88,37.0,0.0,1.0,0.0,0.0,0.3947628021860678,0.0,0.7000000000000001,0.1
89,37.0,0.0,0.0,0.0,1.0,0.25,0.0,0.7000000000000001,0.1
0,38.0,1.0,1.0,0.0,0.0,0.4696415866627763,1.0,0.7000000000000001,0.1
1,38.0,0.0,1.0,0.0,0.0,0.4395850737586262,0.0,0.7000000000000001,0.1
2,38.0,0.0,0.0,-0.75,1.0,0.1651888251941386,0.0,0.7000000000000001,0.1
3,38.0,1.0,0.0,-0.5,1.0,0.32894976383864033,0.0,0.7000000000000001,0.1
4,38.0,1.0,1.0,0.0,0.0,0.5511679143354739,0.0,0.7000000000000001,0.1
5,38.0,1.0,1.0,0.75,1.0,0.5172810019500045,0.0,0.7000000000000001,0.1
6,38.0,0.0,0.0,-0.5,1.0,0.18832806286145398,0.0,0.7000000000000001,0.1
7,38.0,1.0,1.0,0.0,0.0,0.7025224069418309,1.0,0.7000000000000001,0.1
8,38.0,1.0,0.0,-0.5,1.0,0.48525647250463155,0.0,0.7000000000000001,0.1
9,38.0,1.0,1.0,0.0,0.0,0.702522406941831,0.0,0.7000000000000001,0.1
10,38.0,1.0,0.0,-0.75,1.0,0.29182228381511266,0.0,0.7000000000000001,0.1
11,38.0,0.0,0.0,-0.5,1.0,0.17105023616135961,0.0,0.7000000000000001,0.1
12,38.0,0.0,0.0,-1.0,1.0,0.09888825080837108,0.0,0.7000000000000001,0.1
13,38.0,0.0,0.0,-0.5,1.0,0.17646291698314326,0.0,0.7000000000000001,0.1
14,38.0,0.0,0.0,-1.0,1.0,0.13120776537427883,0.0,0.7000000000000001,0.1
15,38.0,1.0,1.0,0.75,1.0,0.43589910503482043,1.0,0.7000000000000001,0.1
16,38.0,1.0,1.0,0.25,1.0,0.7407889440245102,0.0,0.7000000000000001,0.1
17,38.0,1.0,1.0,0.0,1.0,0.8460591482827428,1.0,0.7000000000000001,0.1
18,38.0,1.0,1.0,0.0,1.0,0.8460591482827428,1.0,0.7000000000000001,0.1
19,38.0,1.0,1.0,0.0,1.0,0.8460591482827428,1.0,0.7000000000000001,0.1
20,38.0,0.0,1.0,0.0,0.0,0.3627452393252758,1.0,0.7000000000000001,0.1
21,38.0,1.0,1.0,0.0,0.0,0.5511679143354739,0.0,0.7000000000000001,0.1
22,38.0,0.0,1.0,0.25,1.0,0.45038311640869333,1.0,0.7000000000000001,0.1
23,38.0,0.0,1.0,0.0,0.0,0.4037515742438252,1.0,0.7000000000000001,0.1
24,38.0,0.0,0.0,-0.5,1.0,0.17646291698314326,0.0,0.7000000000000001,0.1
25,38.0,0.0,0.0,-1.0,1.0,0.14928977780337785,0.0,0.7000000000000001,0.1
26,38.0,1.0,0.0,-0.75,1.0,0.22907812262699026,1.0,0.7000000000000001,0.1
27,38.0,1.0,1.0,0.25,1.0,0.7407889440245102,1.0,0.7000000000000001,0.1
28,38.0,1.0,0.0,-0.25,1.0,0.2905114464869098,1.0,0.7000000000000001,0.1
29,38.0,1.0,1.0,0.75,1.0,0.5977563957008319,0.0,0.7000000000000001,0.1
30,38.0,1.0,0.0,-0.5,1.0,0.26116681335784747,0.0,0.7000000000000001,0.1
31,38.0,1.0,1.0,0.0,0.0,0.6300344321451085,0.0,0.7000000000000001,0.1
32,38.0,1.0,1.0,0.0,1.0,0.7985163149454808,1.0,0.7000000000000001,0.1
33,38.0,0.0,0.0,-1.0,1.0,0.07774077032966432,0.0,0.7000000000000001,0.1
34,38.0,1.0,1.0,0.0,0.0,0.5511679143354739,1.0,0.7000000000000001,0.1
35,38.0,0.0,1.0,0.0,0.0,0.36274523932527586,0.0,0.7000000000000001,0.1
36,38.0,0.0,1.0,0.0,0.0,0.4037515742438252,1.0,0.7000000000000001,0.1
37,38.0,1.0,1.0,0.0,0.0,0.5511679143354739,1.0,0.7000000000000001,0.1
38,38.0,0.0,0.0,-0.25,1.0,0.2094885535130902,0.0,0.7000000000000001,0.1
39,38.0,0.0,1.0,0.75,1.0,0.33047020357660506,1.0,0.7000000000000001,0.1
40,38.0,0.0,0.0,-0.5,1.0,0.14928977780337785,0.0,0.7000000000000001,0.1
41,38.0,0.0,0.0,-0.5,1.0,0.14928977780337785,0.0,0.7000000000000001,0.1
42,38.0,1.0,1.0,0.5,1.0,0.5977563957008319,1.0,0.7000000000000001,0.1
43,38.0,1.0,0.0,-0.75,1.0,0.4421101878135466,1.0,0.7000000000000001,0.1
44,38.0,1.0,0.0,-0.5,1.0,0.32894976383864033,1.0,0.7000000000000001,0.1
45,38.0,0.0,1.0,0.0,0.0,0.36274523932527586,0.0,0.7000000000000001,0.1
46,38.0,0.0,1.0,0.25,1.0,0.45038311640869333,1.0,0.7000000000000001,0.1
47,38.0,0.0,1.0,0.5,1.0,0.3714277201273019,1.0,0.7000000000000001,0.1
48,38.0,0.0,1.0,0.0,0.0,0.4395850737586262,0.0,0.7000000000000001,0.1
49,38.0,1.0,0.0,-0.5,1.0,0.26116681335784747,1.0,0.7000000000000001,0.1
50,38.0,1.0,0.0,-0.25,1.0,0.36217706091924456,0.0,0.7000000000000001,0.1
51,38.0,1.0,1.0,0.25,1.0,0.6732891350626347,1.0,0.7000000000000001,0.1
52,38.0,1.0,0.0,-0.5,1.0,0.32894976383864033,0.0,0.7000000000000001,0.1
53,38.0,0.0,0.0,-0.75,1.0,0.15174435750076337,0.0,0.7000000000000001,0.1
54,38.0,1.0,1.0,0.25,1.0,0.7407889440245102,1.0,0.7000000000000001,0.1
55,38.0,1.0,0.0,-0.25,1.0,0.2905114464869098,0.0,0.7000000000000001,0.1
56,38.0,0.0,0.0,-0.75,1.0,0.14928977780337785,0.0,0.7000000000000001,0.1
57,38.0,0.0,0.0,-0.5,1.0,0.188328062861454,0.0,0.7000000000000001,0.1
58,38.0,1.0,1.0,0.75,1.0,0.5977563957008319,0.0,0.7000000000000001,0.1
59,38.0,0.0,0.0,-0.75,1.0,0.14928977780337785,1.0,0.7000000000000001,0.1
60,38.0,0.0,0.0,-0.5,1.0,0.14928977780337785,0.0,0.7000000000000001,0.1
61,38.0,0.0,1.0,0.0,0.0,0.4395850737586263,0.0,0.7000000000000001,0.1
62,38.0,0.0,0.0,-0.5,1.0,0.12301957013256992,0.0,0.7000000000000001,0.1
63,38.0,0.0,0.0,-0.75,1.0,0.13635447545741555,1.0,0.7000000000000001,0.1
64,38.0,1.0,1.0,0.0,1.0,0.7985163149454808,1.0,0.7000000000000001,0.1
65,38.0,1.0,1.0,0.25,1.0,0.6732891350626347,1.0,0.7000000000000001,0.1
66,38.0,1.0,1.0,0.5,1.0,0.6732891350626345,1.0,0.7000000000000001,0.1
67,38.0,1.0,0.0,-0.5,1.0,0.32894976383864033,0.0,0.7000000000000001,0.1
68,38.0,1.0,1.0,0.0,1.0,0.8460591482827428,1.0,0.7000000000000001,0.1
69,38.0,1.0,1.0,0.75,1.0,0.3578297373058221,1.0,0.7000000000000001,0.1
70,38.0,1.0,1.0,0.5,1.0,0.6732891350626347,1.0,0.7000000000000001,0.1
71,38.0,0.0,0.0,-0.75,1.0,0.12301957013256992,0.0,0.7000000000000001,0.1
72,38.0,0.0,0.0,-0.25,1.0,0.2094885535130902,0.0,0.7000000000000001,0.1
73,38.0,1.0,1.0,0.25,1.0,0.7407889440245102,0.0,0.7000000000000001,0.1
74,38.0,0.0,0.0,-0.75,1.0,0.14928977780337785,0.0,0.7000000000000001,0.1
75,38.0,0.0,0.0,-0.75,1.0,0.09888825080837108,0.0,0.7000000000000001,0.1
76,38.0,1.0,1.0,0.75,1.0,0.5977563957008319,1.0,0.7000000000000001,0.1
77,38.0,0.0,0.0,-0.25,1.0,0.2094885535130902,0.0,0.7000000000000001,0.1
78,38.0,1.0,1.0,0.0,0.0,0.6300344321451085,1.0,0.7000000000000001,0.1
79,38.0,0.0,0.0,-0.5,1.0,0.17105023616135961,1.0,0.7000000000000001,0.1
80,38.0,1.0,1.0,0.5,1.0,0.5172810019500045,0.0,0.7000000000000001,0.1
81,38.0,0.0,0.0,-0.75,1.0,0.15174435750076337,0.0,0.7000000000000001,0.1
82,38.0,1.0,1.0,0.25,1.0,0.7407889440245102,1.0,0.7000000000000001,0.1
83,38.0,0.0,1.0,0.75,1.0,0.2987891224754193,0.0,0.7000000000000001,0.1
84,38.0,1.0,1.0,0.75,1.0,0.5172810019500045,0.0,0.7000000000000001,0.1
85,38.0,0.0,0.0,-0.5,1.0,0.17105023616135961,1.0,0.7000000000000001,0.1
86,38.0,0.0,0.0,-0.75,1.0,0.13635447545741555,0.0,0.7000000000000001,0.1
87,38.0,1.0,1.0,0.0,1.0,0.7985163149454808,1.0,0.7000000000000001,0.1
88,38.0,0.0,1.0,0.0,0.0,0.46964158666277633,0.0,0.7000000000000001,0.1
89,38.0,0.0,1.0,0.25,1.0,0.40788055934808204,0.0,0.7000000000000001,0.1
0,40.0,0.0,1.0,0.0,0.0,0.4715246270127969,0.0,0.7000000000000001,0.1
1,40.0,0.0,1.0,0.0,0.0,0.47152462701279696,0.0,0.7000000000000001,0.1
2,40.0,1.0,0.0,0.0,1.0,0.5215387221678592,0.0,0.7000000000000001,0.1
3,40.0,0.0,1.0,0.75,1.0,0.45817748010341397,1.0,0.7000000000000001,0.1
4,40.0,0.0,1.0,0.0,0.0,0.6104994586414837,1.0,0.7000000000000001,0.1
5,40.0,0.0,1.0,0.5,1.0,0.6046141567373005,1.0,0.7000000000000001,0.1
6,40.0,1.0,0.0,-0.25,1.0,0.4619802000111816,1.0,0.7000000000000001,0.1
7,40.0,1.0,1.0,0.0,0.0,0.9026166729986604,1.0,0.7000000000000001,0.1
8,40.0,0.0,1.0,0.25,1.0,0.7344148694998983,1.0,0.7000000000000001,0.1
9,40.0,1.0,1.0,0.0,0.0,0.7392014893453417,1.0,0.7000000000000001,0.1
10,40.0,1.0,0.0,-0.25,1.0,0.4619802000111817,1.0,0.7000000000000001,0.1
11,40.0,0.0,0.0,-0.25,1.0,0.1594870926107136,0.0,0.7000000000000001,0.1
12,40.0,1.0,1.0,0.0,1.0,0.9816425179629596,1.0,0.7000000000000001,0.1
13,40.0,1.0,1.0,0.75,1.0,0.45817748010341397,1.0,0.7000000000000001,0.1
14,40.0,0.0,0.0,-0.5,1.0,0.11218990264767081,1.0,0.7000000000000001,0.1
15,40.0,1.0,1.0,0.5,1.0,0.7344148694998983,0.0,0.7000000000000001,0.1
16,40.0,1.0,0.0,0.0,1.0,0.5215387221678592,1.0,0.7000000000000001,0.1
17,40.0,1.0,1.0,0.75,1.0,0.6046141567373005,0.0,0.7000000000000001,0.1
18,40.0,1.0,0.0,-0.25,1.0,0.32195899045761694,1.0,0.7000000000000001,0.1
19,40.0,1.0,1.0,0.5,1.0,0.8333487503320067,1.0,0.7000000000000001,0.1
20,40.0,1.0,1.0,0.0,0.0,0.7392014893453416,1.0,0.7000000000000001,0.1
21,40.0,1.0,1.0,0.0,0.0,0.9436967815121371,1.0,0.7000000000000001,0.1
22,40.0,1.0,1.0,1.0,1.0,0.3186262624494151,1.0,0.7000000000000001,0.1
23,40.0,1.0,1.0,0.0,0.0,0.9436967815121371,1.0,0.7000000000000001,0.1
24,40.0,0.0,0.0,-0.25,1.0,0.11218990264767081,1.0,0.7000000000000001,0.1
25,40.0,0.0,0.0,0.0,1.0,0.25,0.0,0.7000000000000001,0.1
26,40.0,0.0,0.0,-0.5,1.0,0.1594870926107136,1.0,0.7000000000000001,0.1
27,40.0,1.0,1.0,0.0,1.0,0.9672888041710941,1.0,0.7000000000000001,0.1
28,40.0,1.0,1.0,0.25,1.0,0.942370800176658,1.0,0.7000000000000001,0.1
29,40.0,1.0,1.0,0.0,1.0,0.9672888041710942,1.0,0.7000000000000001,0.1
30,40.0,0.0,1.0,0.75,1.0,0.45817748010341397,1.0,0.7000000000000001,0.1
31,40.0,0.0,1.0,0.0,0.0,0.5525132737097821,1.0,0.7000000000000001,0.1
32,40.0,1.0,1.0,0.0,1.0,0.9816425179629596,1.0,0.7000000000000001,0.1
33,40.0,1.0,0.0,-0.25,1.0,0.3219589904576169,0.0,0.7000000000000001,0.1
34,40.0,1.0,1.0,0.0,0.0,0.9436967815121371,1.0,0.7000000000000001,0.1
35,40.0,0.0,1.0,0.0,0.0,0.4715246270127969,1.0,0.7000000000000001,0.1
36,40.0,1.0,1.0,0.0,0.0,0.9436967815121373,1.0,0.7000000000000001,0.1
37,40.0,1.0,1.0,0.0,0.0,0.8367486487543906,1.0,0.7000000000000001,0.1
38,40.0,1.0,1.0,0.75,1.0,0.45817748010341397,1.0,0.7000000000000001,0.1
39,40.0,1.0,1.0,0.25,1.0,0.833348750332007,1.0,0.7000000000000001,0.1
40,40.0,1.0,1.0,0.25,1.0,0.9423708001766579,1.0,0.7000000000000001,0.1
41,40.0,1.0,1.0,0.5,1.0,0.833348750332007,1.0,0.7000000000000001,0.1
42,40.0,0.0,0.0,-0.25,1.0,0.20797190639832155,0.0,0.7000000000000001,0.1
43,40.0,1.0,1.0,0.25,1.0,0.8333487503320067,1.0,0.7000000000000001,0.1
44,40.0,1.0,1.0,0.25,1.0,0.9672888041710941,1.0,0.7000000000000001,0.1
45,40.0,0.0,1.0,0.0,0.0,0.6104994586414838,0.0,0.7000000000000001,0.1
46,40.0,0.0,1.0,0.5,1.0,0.5464027921723843,0.0,0.7000000000000001,0.1
47,40.0,0.0,0.0,-0.75,1.0,0.026337284114336255,0.0,0.7000000000000001,0.1
48,40.0,0.0,1.0,0.0,0.0,0.5525132737097821,0.0,0.7000000000000001,0.1
49,40.0,1.0,1.0,0.75,1.0,0.45817748010341397,0.0,0.7000000000000001,0.1
50,40.0,1.0,1.0,0.25,1.0,0.9423708001766579,1.0,0.7000000000000001,0.1
51,40.0,1.0,1.0,0.5,1.0,0.9004253082569814,1.0,0.7000000000000001,0.1
52,40.0,1.0,1.0,0.25,1.0,0.833348750332007,1.0,0.7000000000000001,0.1
53,40.0,0.0,0.0,-0.25,1.0,0.20797190639832155,0.0,0.7000000000000001,0.1
54,40.0,0.0,0.0,-0.25,1.0,0.1594870926107136,0.0,0.7000000000000001,0.1
55,40.0,1.0,1.0,0.0,1.0,0.9423708001766579,1.0,0.7000000000000001,0.1
56,40.0,0.0,0.0,-0.25,1.0,0.20797190639832155,0.0,0.7000000000000001,0.1
57,40.0,1.0,0.0,-0.25,1.0,0.20797190639832155,1.0,0.7000000000000001,0.1
58,40.0,1.0,1.0,0.25,1.0,0.9672888041710941,1.0,0.7000000000000001,0.1
59,40.0,1.0,1.0,0.0,1.0,0.9816425179629596,1.0,0.7000000000000001,0.1
60,40.0,1.0,1.0,0.0,1.0,0.9672888041710942,1.0,0.7000000000000001,0.1
61,40.0,0.0,1.0,0.0,0.0,0.6104994586414839,1.0,0.7000000000000001,0.1
62,40.0,1.0,1.0,0.0,1.0,0.9672888041710942,1.0,0.7000000000000001,0.1
63,40.0,1.0,1.0,0.25,1.0,0.7344148694998984,0.0,0.7000000000000001,0.1
64,40.0,1.0,1.0,0.0,1.0,0.9672888041710942,1.0,0.7000000000000001,0.1
65,40.0,1.0,1.0,0.75,1.0,0.7344148694998984,1.0,0.7000000000000001,0.1
66,40.0,1.0,1.0,0.25,1.0,0.9423708001766579,1.0,0.7000000000000001,0.1
67,40.0,1.0,1.0,0.25,1.0,0.942370800176658,1.0,0.7000000000000001,0.1
68,40.0,1.0,1.0,0.25,1.0,0.9423708001766579,1.0,0.7000000000000001,0.1
69,40.0,0.0,1.0,0.5,1.0,0.6046141567373005,0.0,0.7000000000000001,0.1
70,40.0,0.0,0.0,-0.75,1.0,0.10286161126468733,0.0,0.7000000000000001,0.1
71,40.0,0.0,0.0,-0.25,1.0,0.1780410095423831,1.0,0.7000000000000001,0.1
72,40.0,1.0,1.0,0.0,1.0,0.9816425179629599,1.0,0.7000000000000001,0.1
73,40.0,0.0,0.0,-0.25,1.0,0.1780410095423831,0.0,0.7000000000000001,0.1
74,40.0,0.0,0.0,-0.5,1.0,0.1594870926107136,1.0,0.7000000000000001,0.1
75,40.0,1.0,1.0,0.75,1.0,0.45817748010341397,1.0,0.7000000000000001,0.1
76,40.0,1.0,1.0,0.25,1.0,0.9004253082569813,1.0,0.7000000000000001,0.1
77,40.0,1.0,1.0,0.25,1.0,0.9423708001766579,1.0,0.7000000000000001,0.1
78,40.0,0.0,1.0,0.0,0.0,0.6104994586414837,0.0,0.7000000000000001,0.1
79,40.0,0.0,1.0,0.75,1.0,0.39980841502568554,1.0,0.7000000000000001,0.1
80,40.0,1.0,1.0,0.75,1.0,0.6046141567373005,0.0,0.7000000000000001,0.1
81,40.0,0.0,1.0,0.5,1.0,0.5464027921723842,0.0,0.7000000000000001,0.1
82,40.0,0.0,1.0,0.75,1.0,0.39980841502568554,1.0,0.7000000000000001,0.1
83,40.0,0.0,1.0,0.75,1.0,0.45817748010341397,0.0,0.7000000000000001,0.1
84,40.0,1.0,0.0,-0.25,1.0,0.20797190639832155,1.0,0.7000000000000001,0.1
85,40.0,1.0,1.0,0.0,1.0,0.9816425179629599,1.0,0.7000000000000001,0.1
86,40.0,0.0,1.0,1.0,1.0,0.21023173184170765,1.0,0.7000000000000001,0.1
87,40.0,0.0,0.0,0.0,1.0,0.25,1.0,0.7000000000000001,0.1
88,40.0,0.0,1.0,0.0,0.0,0.6104994586414839,0.0,0.7000000000000001,0.1
89,40.0,1.0,1.0,0.0,1.0,0.9672888041710941,1.0,0.7000000000000001,0.1
0,42.0,0.0,1.0,0.0,0.0,0.3829508078745246,0.0,0.7000000000000001,0.1
1,42.0,0.0,1.0,0.0,0.0,0.355231408531542,0.0,0.7000000000000001,0.1
2,42.0,0.0,0.0,-0.75,1.0,0.15105234960411887,0.0,0.7000000000000001,0.1
3,42.0,0.0,0.0,-0.5,1.0,0.20396974251104216,0.0,0.7000000000000001,0.1
4,42.0,0.0,1.0,0.0,0.0,0.3829508078745246,0.0,0.7000000000000001,0.1
5,42.0,0.0,1.0,0.75,1.0,0.26387004328248553,0.0,0.7000000000000001,0.1
6,42.0,1.0,1.0,0.75,1.0,0.3559037723060245,0.0,0.7000000000000001,0.1
7,42.0,0.0,1.0,0.0,0.0,0.35523140853154195,1.0,0.7000000000000001,0.1
8,42.0,0.0,1.0,0.75,1.0,0.3559037723060245,0.0,0.7000000000000001,0.1
9,42.0,1.0,1.0,0.0,0.0,0.46122590466925767,0.0,0.7000000000000001,0.1
10,42.0,0.0,0.0,-0.25,1.0,0.16655817034418496,0.0,0.7000000000000001,0.1
11,42.0,0.0,0.0,0.0,1.0,0.22834284792874573,0.0,0.7000000000000001,0.1
12,42.0,0.0,0.0,-0.25,1.0,0.22834284792874573,1.0,0.7000000000000001,0.1
13,42.0,0.0,0.0,-0.25,1.0,0.20396974251104216,0.0,0.7000000000000001,0.1
14,42.0,1.0,1.0,0.0,1.0,0.8400027724448612,1.0,0.7000000000000001,0.1
15,42.0,0.0,1.0,0.75,1.0,0.3290979803864483,1.0,0.7000000000000001,0.1
16,42.0,0.0,0.0,-0.25,1.0,0.18931980663014905,0.0,0.7000000000000001,0.1
17,42.0,0.0,0.0,-0.25,1.0,0.21013881485149763,0.0,0.7000000000000001,0.1
18,42.0,0.0,1.0,0.75,1.0,0.3290979803864484,1.0,0.7000000000000001,0.1
19,42.0,0.0,0.0,-0.25,1.0,0.22834284792874573,1.0,0.7000000000000001,0.1
20,42.0,0.0,1.0,0.0,0.0,0.355231408531542,0.0,0.7000000000000001,0.1
21,42.0,0.0,1.0,0.0,0.0,0.2870398617015499,0.0,0.7000000000000001,0.1
22,42.0,0.0,0.0,-0.25,1.0,0.21013881485149763,0.0,0.7000000000000001,0.1
23,42.0,1.0,1.0,0.0,0.0,0.46122590466925767,0.0,0.7000000000000001,0.1
24,42.0,0.0,0.0,-0.75,1.0,0.17779266950836478,0.0,0.7000000000000001,0.1
25,42.0,1.0,0.0,0.0,1.0,0.31497145621376277,0.0,0.7000000000000001,0.1
26,42.0,1.0,0.0,-0.25,1.0,0.43713672423802385,0.0,0.7000000000000001,0.1
27,42.0,0.0,0.0,-0.25,1.0,0.21013881485149763,1.0,0.7000000000000001,0.1
28,42.0,0.0,0.0,-0.25,1.0,0.22834284792874573,1.0,0.7000000000000001,0.1
29,42.0,1.0,1.0,0.25,1.0,0.733993844969268,1.0,0.7000000000000001,0.1
30,42.0,0.0,1.0,0.75,1.0,0.3290979803864484,0.0,0.7000000000000001,0.1
31,42.0,0.0,1.0,0.0,0.0,0.35523140853154195,0.0,0.7000000000000001,0.1
32,42.0,1.0,1.0,0.0,1.0,0.8400027724448612,1.0,0.7000000000000001,0.1
33,42.0,1.0,0.0,-0.75,1.0,0.22974693507360625,0.0,0.7000000000000001,0.1
34,42.0,0.0,1.0,0.0,0.0,0.355231408531542,0.0,0.7000000000000001,0.1
35,42.0,0.0,1.0,0.0,0.0,0.3829508078745246,0.0,0.7000000000000001,0.1
36,42.0,0.0,1.0,0.0,0.0,0.3829508078745246,1.0,0.7000000000000001,0.1
37,42.0,0.0,1.0,0.0,0.0,0.2870398617015499,1.0,0.7000000000000001,0.1
38,42.0,0.0,0.0,-0.25,1.0,0.22834284792874573,0.0,0.7000000000000001,0.1
39,42.0,0.0,1.0,0.75,1.0,0.2981253080674568,1.0,0.7000000000000001,0.1
40,42.0,1.0,0.0,-0.25,1.0,0.2898611851485024,0.0,0.7000000000000001,0.1
41,42.0,1.0,1.0,0.75,1.0,0.3559037723060245,1.0,0.7000000000000001,0.1
42,42.0,0.0,1.0,1.0,1.0,0.262328438592172,0.0,0.7000000000000001,0.1
43,42.0,0.0,0.0,-0.25,1.0,0.22834284792874573,0.0,0.7000000000000001,0.1
44,42.0,0.0,0.0,0.0,1.0,0.20396974251104216,1.0,0.7000000000000001,0.1
45,42.0,0.0,1.0,0.0,0.0,0.35523140853154195,0.0,0.7000000000000001,0.1
46,42.0,0.0,0.0,-0.25,1.0,0.21013881485149763,0.0,0.7000000000000001,0.1
47,42.0,1.0,0.0,-0.75,1.0,0.17779266950836478,0.0,0.7000000000000001,0.1
48,42.0,1.0,1.0,0.0,0.0,0.3829508078745246,1.0,0.7000000000000001,0.1
49,42.0,1.0,0.0,-0.25,1.0,0.2898611851485024,0.0,0.7000000000000001,0.1
50,42.0,1.0,1.0,0.0,1.0,0.8400027724448612,1.0,0.7000000000000001,0.1
51,42.0,0.0,1.0,0.75,1.0,0.3290979803864483,0.0,0.7000000000000001,0.1
52,42.0,0.0,1.0,1.0,1.0,0.28601421413922773,0.0,0.7000000000000001,0.1
53,42.0,0.0,0.0,-0.25,1.0,0.22834284792874573,0.0,0.7000000000000001,0.1
54,42.0,0.0,0.0,-0.25,1.0,0.20396974251104216,1.0,0.7000000000000001,0.1
55,42.0,0.0,1.0,0.75,1.0,0.3290979803864483,0.0,0.7000000000000001,0.1
56,42.0,0.0,0.0,-0.25,1.0,0.22834284792874573,0.0,0.7000000000000001,0.1
57,42.0,0.0,1.0,0.25,1.0,0.5125173457221422,0.0,0.7000000000000001,0.1
58,42.0,0.0,1.0,1.0,1.0,0.2623284385921719,0.0,0.7000000000000001,0.1
59,42.0,1.0,0.0,-0.25,1.0,0.4371367242380238,0.0,0.7000000000000001,0.1
60,42.0,0.0,1.0,0.25,1.0,0.4054801074165348,1.0,0.7000000000000001,0.1
61,42.0,0.0,1.0,0.0,0.0,0.35523140853154195,0.0,0.7000000000000001,0.1
62,42.0,0.0,0.0,-0.75,1.0,0.15105234960411887,0.0,0.7000000000000001,0.1
63,42.0,1.0,0.0,-0.25,1.0,0.2898611851485024,1.0,0.7000000000000001,0.1
64,42.0,0.0,0.0,-0.25,1.0,0.22834284792874573,0.0,0.7000000000000001,0.1
65,42.0,0.0,0.0,-0.25,1.0,0.1510523496041189,0.0,0.7000000000000001,0.1
66,42.0,0.0,0.0,-0.25,1.0,0.21013881485149763,0.0,0.7000000000000001,0.1
67,42.0,0.0,0.0,-0.25,1.0,0.21013881485149763,1.0,0.7000000000000001,0.1
68,42.0,1.0,1.0,0.75,1.0,0.3559037723060245,1.0,0.7000000000000001,0.1
69,42.0,1.0,0.0,-0.25,1.0,0.22834284792874573,0.0,0.7000000000000001,0.1
70,42.0,0.0,0.0,-1.0,1.0,0.14286528671910462,1.0,0.7000000000000001,0.1
71,42.0,0.0,0.0,-0.25,1.0,0.22834284792874573,0.0,0.7000000000000001,0.1
72,42.0,0.0,0.0,-0.25,1.0,0.22834284792874573,0.0,0.7000000000000001,0.1
73,42.0,0.0,0.0,-0.25,1.0,0.16655817034418494,1.0,0.7000000000000001,0.1
74,42.0,0.0,0.0,-0.75,1.0,0.16655817034418494,1.0,0.7000000000000001,0.1
75,42.0,1.0,0.0,-0.25,1.0,0.2898611851485024,0.0,0.7000000000000001,0.1
76,42.0,0.0,1.0,0.75,1.0,0.3559037723060245,0.0,0.7000000000000001,0.1
77,42.0,1.0,0.0,-0.25,1.0,0.5172039707855939,1.0,0.7000000000000001,0.1
78,42.0,0.0,1.0,0.0,0.0,0.3829508078745246,0.0,0.7000000000000001,0.1
79,42.0,1.0,0.0,-0.25,1.0,0.22834284792874573,1.0,0.7000000000000001,0.1
80,42.0,0.0,0.0,-0.25,1.0,0.22834284792874573,0.0,0.7000000000000001,0.1
81,42.0,0.0,0.0,-0.25,1.0,0.15105234960411887,0.0,0.7000000000000001,0.1
82,42.0,0.0,0.0,-0.25,1.0,0.16655817034418494,1.0,0.7000000000000001,0.1
83,42.0,0.0,0.0,0.0,1.0,0.25,1.0,0.7000000000000001,0.1
84,42.0,0.0,0.0,-0.75,1.0,0.17779266950836478,1.0,0.7000000000000001,0.1
85,42.0,0.0,0.0,-0.25,1.0,0.21013881485149763,1.0,0.7000000000000001,0.1
86,42.0,1.0,1.0,0.75,1.0,0.3559037723060245,1.0,0.7000000000000001,0.1
87,42.0,0.0,0.0,-0.25,1.0,0.17779266950836478,0.0,0.7000000000000001,0.1
88,42.0,0.0,1.0,0.0,0.0,0.3829508078745246,1.0,0.7000000000000001,0.1
89,42.0,0.0,1.0,0.75,1.0,0.3290979803864483,0.0,0.7000000000000001,0.1
0,44.0,0.0,1.0,0.0,0.0,0.28122337166129746,1.0,0.7000000000000001,0.1
1,44.0,0.0,1.0,0.0,0.0,0.38490572303269044,0.0,0.7000000000000001,0.1
2,44.0,1.0,0.0,0.0,1.0,0.25,0.0,0.7000000000000001,0.1
3,44.0,0.0,0.0,0.0,1.0,0.25,0.0,0.7000000000000001,0.1
4,44.0,0.0,1.0,0.0,0.0,0.3849057230326904,0.0,0.7000000000000001,0.1
5,44.0,1.0,1.0,1.0,1.0,0.3090378772206742,0.0,0.7000000000000001,0.1
6,44.0,0.0,1.0,1.0,1.0,0.3090378772206742,0.0,0.7000000000000001,0.1
7,44.0,0.0,1.0,0.0,0.0,0.3849057230326904,1.0,0.7000000000000001,0.1
8,44.0,0.0,0.0,0.0,1.0,0.25,0.0,0.7000000000000001,0.1
9,44.0,0.0,1.0,0.0,0.0,0.38490572303269044,0.0,0.7000000000000001,0.1
10,44.0,0.0,0.0,0.0,1.0,0.25,1.0,0.7000000000000001,0.1
11,44.0,0.0,0.0,0.0,1.0,0.25,0.0,0.7000000000000001,0.1
12,44.0,1.0,1.0,0.0,1.0,0.9648129005428004,1.0,0.7000000000000001,0.1
13,44.0,1.0,0.0,0.0,1.0,0.25,1.0,0.7000000000000001,0.1
14,44.0,1.0,0.0,0.0,1.0,0.6094119729957623,0.0,0.7000000000000001,0.1
15,44.0,0.0,1.0,1.0,1.0,0.3090378772206742,0.0,0.7000000000000001,0.1
16,44.0,0.0,0.0,0.0,1.0,0.25,0.0,0.7000000000000001,0.1
17,44.0,0.0,0.0,0.0,1.0,0.25,0.0,0.7000000000000001,0.1
18,44.0,1.0,0.0,0.0,1.0,0.25,0.0,0.7000000000000001,0.1
19,44.0,0.0,1.0,1.0,1.0,0.2675758655715026,0.0,0.7000000000000001,0.1
20,44.0,0.0,1.0,0.0,0.0,0.2812233716612974,1.0,0.7000000000000001,0.1
21,44.0,0.0,1.0,0.0,0.0,0.38490572303269044,0.0,0.7000000000000001,0.1
22,44.0,0.0,0.0,0.0,1.0,0.25,1.0,0.7000000000000001,0.1
23,44.0,1.0,1.0,0.0,0.0,0.8304979997904529,1.0,0.7000000000000001,0.1
24,44.0,0.0,0.0,0.0,1.0,0.25,0.0,0.7000000000000001,0.1
25,44.0,0.0,0.0,0.0,1.0,0.25,0.0,0.7000000000000001,0.1
26,44.0,0.0,0.0,0.0,1.0,0.25,0.0,0.7000000000000001,0.1
27,44.0,1.0,1.0,0.5,1.0,0.6767404551090512,1.0,0.7000000000000001,0.1
28,44.0,1.0,1.0,0.0,1.0,0.9425010418026275,1.0,0.7000000000000001,0.1
29,44.0,0.0,0.0,0.0,1.0,0.25,0.0,0.7000000000000001,0.1
30,44.0,0.0,0.0,0.0,1.0,0.25,0.0,0.7000000000000001,0.1
31,44.0,1.0,1.0,0.0,0.0,0.745485203827628,1.0,0.7000000000000001,0.1
32,44.0,1.0,1.0,0.0,1.0,0.9648129005428004,1.0,0.7000000000000001,0.1
33,44.0,0.0,1.0,1.0,1.0,0.3090378772206742,0.0,0.7000000000000001,0.1
34,44.0,0.0,1.0,0.0,0.0,0.38490572303269044,0.0,0.7000000000000001,0.1
35,44.0,0.0,1.0,0.0,0.0,0.3849057230326904,0.0,0.7000000000000001,0.1
36,44.0,1.0,1.0,0.0,0.0,0.745485203827628,1.0,0.7000000000000001,0.1
37,44.0,1.0,1.0,0.0,0.0,0.745485203827628,0.0,0.7000000000000001,0.1
38,44.0,0.0,1.0,1.0,1.0,0.3090378772206742,1.0,0.7000000000000001,0.1
39,44.0,1.0,1.0,0.0,1.0,0.9425010418026275,1.0,0.7000000000000001,0.1
40,44.0,1.0,1.0,0.0,1.0,0.9425010418026275,1.0,0.7000000000000001,0.1
41,44.0,0.0,0.0,0.0,1.0,0.25,1.0,0.7000000000000001,0.1
42,44.0,1.0,1.0,0.75,1.0,0.5558528810441963,1.0,0.7000000000000001,0.1
43,44.0,0.0,0.0,0.0,1.0,0.25,0.0,0.7000000000000001,0.1
44,44.0,1.0,1.0,0.25,1.0,0.9073992850064185,1.0,0.7000000000000001,0.1
45,44.0,1.0,1.0,0.0,0.0,0.3849057230326904,0.0,0.7000000000000001,0.1
46,44.0,1.0,1.0,0.25,1.0,0.9073992850064185,1.0,0.7000000000000001,0.1
47,44.0,0.0,0.0,0.0,1.0,0.25,0.0,0.7000000000000001,0.1
48,44.0,0.0,1.0,0.0,0.0,0.3849057230326904,0.0,0.7000000000000001,0.1
49,44.0,0.0,0.0,0.0,1.0,0.25,0.0,0.7000000000000001,0.1
50,44.0,0.0,0.0,0.0,1.0,0.25,0.0,0.7000000000000001,0.1
51,44.0,1.0,0.0,0.0,1.0,0.25,0.0,0.7000000000000001,0.1
52,44.0,1.0,1.0,0.75,1.0,0.7778734798091931,1.0,0.7000000000000001,0.1
53,44.0,0.0,0.0,0.0,1.0,0.25,0.0,0.7000000000000001,0.1
54,44.0,1.0,1.0,0.75,1.0,0.4279704061712128,1.0,0.7000000000000001,0.1
55,44.0,0.0,0.0,0.0,1.0,0.25,0.0,0.7000000000000001,0.1
56,44.0,0.0,0.0,0.0,1.0,0.25,0.0,0.7000000000000001,0.1
57,44.0,0.0,0.0,0.0,1.0,0.25,0.0,0.7000000000000001,0.1
58,44.0,1.0,1.0,0.0,1.0,0.9648129005428004,1.0,0.7000000000000001,0.1
59,44.0,0.0,0.0,0.0,1.0,0.21400555372709804,1.0,0.7000000000000001,0.1
60,44.0,0.0,0.0,0.0,1.0,0.25,1.0,0.7000000000000001,0.1
61,44.0,1.0,1.0,0.0,0.0,0.745485203827628,0.0,0.7000000000000001,0.1
62,44.0,1.0,1.0,0.0,1.0,0.9648129005428004,1.0,0.7000000000000001,0.1
63,44.0,0.0,1.0,1.0,1.0,0.3090378772206742,0.0,0.7000000000000001,0.1
64,44.0,0.0,0.0,0.0,1.0,0.25,1.0,0.7000000000000001,0.1
65,44.0,0.0,1.0,1.0,1.0,0.3090378772206742,1.0,0.7000000000000001,0.1
66,44.0,1.0,0.0,0.0,1.0,0.48259620109250345,0.0,0.7000000000000001,0.1
67,44.0,0.0,0.0,0.0,1.0,0.25,1.0,0.7000000000000001,0.1
68,44.0,1.0,1.0,0.0,1.0,0.9648129005428004,1.0,0.7000000000000001,0.1
69,44.0,1.0,0.0,0.0,1.0,0.25,0.0,0.7000000000000001,0.1
70,44.0,1.0,1.0,1.0,1.0,0.3090378772206742,1.0,0.7000000000000001,0.1
71,44.0,0.0,0.0,0.0,1.0,0.25,0.0,0.7000000000000001,0.1
72,44.0,1.0,1.0,1.0,1.0,0.3090378772206742,1.0,0.7000000000000001,0.1
73,44.0,1.0,0.0,0.0,1.0,0.6094119729957623,1.0,0.7000000000000001,0.1
74,44.0,1.0,1.0,1.0,1.0,0.6767404551090513,1.0,0.7000000000000001,0.1
75,44.0,0.0,1.0,1.0,1.0,0.3090378772206742,0.0,0.7000000000000001,0.1
76,44.0,0.0,0.0,0.0,1.0,0.25,1.0,0.7000000000000001,0.1
77,44.0,1.0,0.0,0.0,1.0,0.25,0.0,0.7000000000000001,0.1
78,44.0,0.0,1.0,0.0,0.0,0.38490572303269044,0.0,0.7000000000000001,0.1
79,44.0,0.0,1.0,1.0,1.0,0.3090378772206742,1.0,0.7000000000000001,0.1
80,44.0,0.0,1.0,1.0,1.0,0.2675758655715026,0.0,0.7000000000000001,0.1
81,44.0,0.0,0.0,0.0,1.0,0.25,0.0,0.7000000000000001,0.1
82,44.0,1.0,1.0,0.75,1.0,0.7778734798091931,1.0,0.7000000000000001,0.1
83,44.0,1.0,1.0,1.0,1.0,0.6767404551090513,1.0,0.7000000000000001,0.1
84,44.0,0.0,0.0,0.0,1.0,0.25,1.0,0.7000000000000001,0.1
85,44.0,0.0,0.0,0.0,1.0,0.25,0.0,0.7000000000000001,0.1
86,44.0,0.0,1.0,1.0,1.0,0.3090378772206742,0.0,0.7000000000000001,0.1
87,44.0,1.0,0.0,0.0,1.0,0.25,1.0,0.7000000000000001,0.1
88,44.0,0.0,1.0,0.0,0.0,0.38490572303269044,1.0,0.7000000000000001,0.1
89,44.0,0.0,1.0,0.25,1.0,0.6767404551090512,1.0,0.7000000000000001,0.1
0,45.0,1.0,1.0,0.0,0.0,0.6369699623104841,1.0,0.7000000000000001,0.1
1,45.0,0.0,1.0,0.0,0.0,0.474591699368925,1.0,0.7000000000000001,0.1
2,45.0,0.0,0.0,-0.25,1.0,0.10237510397565919,0.0,0.7000000000000001,0.1
3,45.0,0.0,0.0,-0.75,1.0,0.10237510397565919,0.0,0.7000000000000001,0.1
4,45.0,0.0,1.0,0.0,0.0,0.474591699368925,0.0,0.7000000000000001,0.1
5,45.0,0.0,0.0,-0.5,1.0,0.17852239939331374,0.0,0.7000000000000001,0.1
6,45.0,0.0,0.0,-0.25,1.0,0.2167820344028054,1.0,0.7000000000000001,0.1
7,45.0,0.0,1.0,0.0,0.0,0.5210339588829778,0.0,0.7000000000000001,0.1
8,45.0,0.0,0.0,-0.75,1.0,0.12805699522808706,1.0,0.7000000000000001,0.1
9,45.0,1.0,1.0,0.0,0.0,0.8202938658141034,1.0,0.7000000000000001,0.1
10,45.0,0.0,0.0,-0.25,1.0,0.19135618210668412,1.0,0.7000000000000001,0.1
11,45.0,0.0,0.0,-0.75,1.0,0.13896426831970116,0.0,0.7000000000000001,0.1
12,45.0,0.0,0.0,0.0,1.0,0.21678203440280544,1.0,0.7000000000000001,0.1
13,45.0,0.0,1.0,0.25,1.0,0.647647424187035,1.0,0.7000000000000001,0.1
14,45.0,1.0,1.0,0.25,1.0,0.8852250182475934,1.0,0.7000000000000001,0.1
15,45.0,1.0,1.0,0.25,1.0,0.9255954207377455,0.0,0.7000000000000001,0.1
16,45.0,0.0,0.0,0.0,1.0,0.25,0.0,0.7000000000000001,0.1
17,45.0,0.0,0.0,-0.25,1.0,0.2167820344028054,0.0,0.7000000000000001,0.1
18,45.0,0.0,1.0,0.25,1.0,0.6041549355784894,1.0,0.7000000000000001,0.1
19,45.0,0.0,1.0,1.0,1.0,0.30461010787322806,0.0,0.7000000000000001,0.1
20,45.0,1.0,1.0,0.0,0.0,0.5210339588829778,0.0,0.7000000000000001,0.1
21,45.0,1.0,1.0,0.0,0.0,0.6369699623104841,0.0,0.7000000000000001,0.1
22,45.0,0.0,0.0,-0.25,1.0,0.19135618210668412,0.0,0.7000000000000001,0.1
23,45.0,1.0,1.0,0.0,0.0,0.8804176477079636,1.0,0.7000000000000001,0.1
24,45.0,0.0,0.0,-0.25,1.0,0.2167820344028054,0.0,0.7000000000000001,0.1
25,45.0,1.0,0.0,-0.75,1.0,0.20654676258699425,1.0,0.7000000000000001,0.1
26,45.0,0.0,1.0,0.75,1.0,0.36974870951690264,0.0,0.7000000000000001,0.1
27,45.0,0.0,0.0,0.0,1.0,0.13896426831970116,1.0,0.7000000000000001,0.1
28,45.0,1.0,1.0,1.0,1.0,0.4140158070869017,1.0,0.7000000000000001,0.1
29,45.0,0.0,0.0,-0.25,1.0,0.2167820344028054,0.0,0.7000000000000001,0.1
30,45.0,0.0,0.0,-0.25,1.0,0.09633049931175212,0.0,0.7000000000000001,0.1
31,45.0,0.0,1.0,0.0,0.0,0.474591699368925,0.0,0.7000000000000001,0.1
32,45.0,0.0,0.0,-0.25,1.0,0.19135618210668412,0.0,0.7000000000000001,0.1
33,45.0,1.0,1.0,0.25,1.0,0.647647424187035,0.0,0.7000000000000001,0.1
34,45.0,0.0,1.0,0.0,0.0,0.41493701231453534,1.0,0.7000000000000001,0.1
35,45.0,0.0,1.0,0.0,0.0,0.474591699368925,0.0,0.7000000000000001,0.1
36,45.0,0.0,1.0,0.0,0.0,0.474591699368925,0.0,0.7000000000000001,0.1
37,45.0,0.0,1.0,0.0,0.0,0.474591699368925,1.0,0.7000000000000001,0.1
38,45.0,0.0,1.0,0.25,1.0,0.6041549355784894,1.0,0.7000000000000001,0.1
39,45.0,1.0,1.0,0.0,1.0,0.9525276246810437,1.0,0.7000000000000001,0.1
40,45.0,1.0,0.0,-0.25,1.0,0.4186261257765462,1.0,0.7000000000000001,0.1
41,45.0,0.0,0.0,-0.25,1.0,0.17852239939331374,1.0,0.7000000000000001,0.1
42,45.0,1.0,1.0,0.0,1.0,0.9255954207377455,1.0,0.7000000000000001,0.1
43,45.0,1.0,1.0,0.75,1.0,0.5326192897155559,1.0,0.7000000000000001,0.1
44,45.0,1.0,0.0,-0.75,1.0,0.40377388155394855,0.0,0.7000000000000001,0.1
45,45.0,0.0,1.0,0.0,0.0,0.5210339588829778,0.0,0.7000000000000001,0.1
46,45.0,1.0,1.0,0.0,1.0,0.7477721624476635,1.0,0.7000000000000001,0.1
47,45.0,1.0,1.0,0.25,1.0,0.8852250182475934,1.0,0.7000000000000001,0.1
48,45.0,0.0,1.0,0.0,0.0,0.474591699368925,0.0,0.7000000000000001,0.1
49,45.0,0.0,0.0,0.0,1.0,0.25,0.0,0.7000000000000001,0.1
50,45.0,1.0,1.0,0.0,1.0,0.9255954207377456,1.0,0.7000000000000001,0.1
51,45.0,1.0,1.0,0.0,1.0,0.9525276246810437,1.0,0.7000000000000001,0.1
52,45.0,0.0,0.0,-0.75,1.0,0.13896426831970116,0.0,0.7000000000000001,0.1
53,45.0,0.0,0.0,-0.25,1.0,0.17852239939331374,0.0,0.7000000000000001,0.1
54,45.0,1.0,1.0,0.25,1.0,0.7477721624476635,1.0,0.7000000000000001,0.1
55,45.0,0.0,0.0,-0.25,1.0,0.17852239939331374,0.0,0.7000000000000001,0.1
56,45.0,0.0,0.0,-0.25,1.0,0.2167820344028054,0.0,0.7000000000000001,0.1
57,45.0,0.0,1.0,0.75,1.0,0.36974870951690264,0.0,0.7000000000000001,0.1
58,45.0,1.0,1.0,0.75,1.0,0.7477721624476635,1.0,0.7000000000000001,0.1
59,45.0,1.0,1.0,0.0,1.0,0.9525276246810437,1.0,0.7000000000000001,0.1
60,45.0,0.0,0.0,-0.75,1.0,0.09622611844605147,1.0,0.7000000000000001,0.1
61,45.0,0.0,1.0,0.0,0.0,0.474591699368925,0.0,0.7000000000000001,0.1
62,45.0,1.0,1.0,0.25,1.0,0.9255954207377455,1.0,0.7000000000000001,0.1
63,45.0,0.0,1.0,0.75,1.0,0.36974870951690264,1.0,0.7000000000000001,0.1
64,45.0,0.0,0.0,-0.25,1.0,0.2167820344028054,1.0,0.7000000000000001,0.1
65,45.0,1.0,0.0,-0.25,1.0,0.2167820344028054,0.0,0.7000000000000001,0.1
66,45.0,1.0,1.0,0.0,1.0,0.9255954207377456,1.0,0.7000000000000001,0.1
67,45.0,1.0,0.0,0.0,1.0,0.3496538967915837,0.0,0.7000000000000001,0.1
68,45.0,0.0,0.0,-0.75,1.0,0.10237510397565919,0.0,0.7000000000000001,0.1
69,45.0,0.0,0.0,-0.25,1.0,0.10237510397565919,0.0,0.7000000000000001,0.1
70,45.0,0.0,0.0,-0.25,1.0,0.17852239939331374,1.0,0.7000000000000001,0.1
71,45.0,0.0,0.0,-0.25,1.0,0.1785223993933137,0.0,0.7000000000000001,0.1
72,45.0,0.0,0.0,0.0,1.0,0.21678203440280544,1.0,0.7000000000000001,0.1
73,45.0,0.0,1.0,0.25,1.0,0.647647424187035,0.0,0.7000000000000001,0.1
74,45.0,1.0,0.0,-0.25,1.0,0.4186261257765462,1.0,0.7000000000000001,0.1
75,45.0,0.0,0.0,-0.25,1.0,0.16091486245045922,0.0,0.7000000000000001,0.1
76,45.0,1.0,1.0,0.0,1.0,0.8852250182475934,1.0,0.7000000000000001,0.1
77,45.0,1.0,1.0,0.0,1.0,0.9255954207377456,1.0,0.7000000000000001,0.1
78,45.0,1.0,1.0,0.0,0.0,0.6369699623104841,0.0,0.7000000000000001,0.1
79,45.0,1.0,1.0,0.25,1.0,0.8852250182475934,1.0,0.7000000000000001,0.1
80,45.0,1.0,0.0,-0.25,1.0,0.30864381789331585,0.0,0.7000000000000001,0.1
81,45.0,1.0,1.0,1.0,1.0,0.30461010787322806,1.0,0.7000000000000001,0.1
82,45.0,1.0,1.0,0.0,1.0,0.8270434662310413,1.0,0.7000000000000001,0.1
83,45.0,0.0,0.0,-0.25,1.0,0.17852239939331374,1.0,0.7000000000000001,0.1
84,45.0,1.0,0.0,-0.25,1.0,0.3086438178933159,1.0,0.7000000000000001,0.1
85,45.0,1.0,1.0,0.0,1.0,0.9525276246810439,1.0,0.7000000000000001,0.1
86,45.0,0.0,1.0,0.75,1.0,0.36974870951690264,1.0,0.7000000000000001,0.1
87,45.0,0.0,1.0,0.25,1.0,0.6041549355784894,0.0,0.7000000000000001,0.1
88,45.0,0.0,1.0,0.0,0.0,0.5210339588829778,0.0,0.7000000000000001,0.1
89,45.0,0.0,0.0,-0.25,1.0,0.19135618210668412,0.0,0.7000000000000001,0.1
0,46.0,0.0,1.0,0.0,0.0,0.3499263462375444,1.0,0.7000000000000001,0.1
1,46.0,0.0,1.0,0.0,0.0,0.3499263462375444,0.0,0.7000000000000001,0.1
2,46.0,0.0,0.0,0.0,1.0,0.25,0.0,0.7000000000000001,0.1
3,46.0,0.0,0.0,-0.25,1.0,0.2032933584627404,0.0,0.7000000000000001,0.1
4,46.0,0.0,1.0,0.0,0.0,0.42563963471392224,0.0,0.7000000000000001,0.1
5,46.0,0.0,0.0,-0.25,1.0,0.2032933584627404,0.0,0.7000000000000001,0.1
6,46.0,1.0,1.0,0.75,1.0,0.3764920007490042,1.0,0.7000000000000001,0.1
7,46.0,0.0,1.0,0.0,0.0,0.39122266273092315,1.0,0.7000000000000001,0.1
8,46.0,0.0,0.0,-0.25,1.0,0.22424038943805816,0.0,0.7000000000000001,0.1
9,46.0,0.0,1.0,0.0,0.0,0.42563963471392224,0.0,0.7000000000000001,0.1
10,46.0,0.0,0.0,-0.5,1.0,0.19492645301633132,0.0,0.7000000000000001,0.1
11,46.0,0.0,0.0,-0.25,1.0,0.22424038943805816,0.0,0.7000000000000001,0.1
12,46.0,0.0,0.0,-0.25,1.0,0.22424038943805816,0.0,0.7000000000000001,0.1
13,46.0,0.0,0.0,-0.25,1.0,0.22424038943805816,0.0,0.7000000000000001,0.1
14,46.0,1.0,1.0,0.0,1.0,0.8537222084621007,0.0,0.7000000000000001,0.1
15,46.0,0.0,0.0,-0.5,1.0,0.15973726249261314,1.0,0.7000000000000001,0.1
16,46.0,1.0,1.0,0.0,1.0,0.8949369120863572,1.0,0.7000000000000001,0.1
17,46.0,0.0,0.0,-0.25,1.0,0.22424038943805816,0.0,0.7000000000000001,0.1
18,46.0,0.0,0.0,-0.75,1.0,0.10392335740319554,0.0,0.7000000000000001,0.1
19,46.0,1.0,1.0,0.0,1.0,0.8537222084621007,1.0,0.7000000000000001,0.1
20,46.0,0.0,1.0,0.0,0.0,0.42563963471392224,0.0,0.7000000000000001,0.1
21,46.0,0.0,1.0,0.0,0.0,0.42563963471392224,0.0,0.7000000000000001,0.1
22,46.0,0.0,0.0,-0.25,1.0,0.22424038943805816,1.0,0.7000000000000001,0.1
23,46.0,1.0,1.0,0.0,0.0,0.7707783635195484,1.0,0.7000000000000001,0.1
24,46.0,0.0,1.0,0.0,1.0,0.6524479177869156,0.0,0.7000000000000001,0.1
25,46.0,1.0,1.0,0.75,1.0,0.4684492431514839,1.0,0.7000000000000001,0.1
26,46.0,0.0,0.0,-0.25,1.0,0.22424038943805816,0.0,0.7000000000000001,0.1
27,46.0,0.0,0.0,0.0,1.0,0.25,1.0,0.7000000000000001,0.1
28,46.0,1.0,1.0,0.25,1.0,0.7326110601356832,1.0,0.7000000000000001,0.1
29,46.0,1.0,1.0,0.0,1.0,0.8949369120863572,1.0,0.7000000000000001,0.1
30,46.0,0.0,1.0,0.75,1.0,0.3764920007490043,0.0,0.7000000000000001,0.1
31,46.0,1.0,1.0,0.0,0.0,0.6121891937401728,0.0,0.7000000000000001,0.1
32,46.0,1.0,1.0,0.0,1.0,0.8949369120863572,1.0,0.7000000000000001,0.1
33,46.0,1.0,0.0,-0.25,1.0,0.22424038943805816,0.0,0.7000000000000001,0.1
34,46.0,1.0,1.0,0.0,0.0,0.5195974320561491,0.0,0.7000000000000001,0.1
35,46.0,0.0,1.0,0.0,0.0,0.3499263462375444,0.0,0.7000000000000001,0.1
36,46.0,1.0,1.0,0.0,0.0,0.7707783635195484,1.0,0.7000000000000001,0.1
37,46.0,1.0,1.0,0.0,0.0,0.6121891937401728,1.0,0.7000000000000001,0.1
38,46.0,1.0,1.0,0.75,1.0,0.4684492431514839,1.0,0.7000000000000001,0.1
39,46.0,1.0,1.0,0.0,1.0,0.8537222084621007,1.0,0.7000000000000001,0.1
40,46.0,1.0,1.0,0.25,1.0,0.7326110601356832,1.0,0.7000000000000001,0.1
41,46.0,1.0,1.0,0.25,1.0,0.7326110601356832,1.0,0.7000000000000001,0.1
42,46.0,0.0,0.0,-0.25,1.0,0.22424038943805816,0.0,0.7000000000000001,0.1
43,46.0,0.0,0.0,-0.25,1.0,0.19492645301633132,0.0,0.7000000000000001,0.1
44,46.0,0.0,0.0,-0.25,1.0,0.17890239935303606,1.0,0.7000000000000001,0.1
45,46.0,1.0,1.0,0.0,0.0,0.519597432056149,1.0,0.7000000000000001,0.1
46,46.0,1.0,0.0,-0.25,1.0,0.2967066415372596,0.0,0.7000000000000001,0.1
47,46.0,1.0,0.0,-0.25,1.0,0.2967066415372596,1.0,0.7000000000000001,0.1
48,46.0,0.0,1.0,0.0,0.0,0.39122266273092315,1.0,0.7000000000000001,0.1
49,46.0,0.0,0.0,-0.25,1.0,0.22424038943805816,0.0,0.7000000000000001,0.1
50,46.0,1.0,1.0,0.25,1.0,0.732611060135683,1.0,0.7000000000000001,0.1
51,46.0,1.0,1.0,0.5,1.0,0.6524479177869156,1.0,0.7000000000000001,0.1
52,46.0,0.0,0.0,-0.75,1.0,0.13813911485141525,0.0,0.7000000000000001,0.1
53,46.0,0.0,0.0,-0.25,1.0,0.22424038943805816,0.0,0.7000000000000001,0.1
54,46.0,1.0,1.0,0.75,1.0,0.6524479177869156,1.0,0.7000000000000001,0.1
55,46.0,0.0,1.0,0.25,1.0,0.4830125163017151,1.0,0.7000000000000001,0.1
56,46.0,0.0,0.0,-0.25,1.0,0.19492645301633132,0.0,0.7000000000000001,0.1
57,46.0,0.0,1.0,0.75,1.0,0.3436711871023865,0.0,0.7000000000000001,0.1
58,46.0,0.0,1.0,0.75,1.0,0.3436711871023865,1.0,0.7000000000000001,0.1
59,46.0,1.0,0.0,-0.25,1.0,0.3810871627609046,0.0,0.7000000000000001,0.1
60,46.0,0.0,0.0,-0.25,1.0,0.19492645301633132,0.0,0.7000000000000001,0.1
61,46.0,1.0,1.0,0.0,0.0,0.7707783635195484,1.0,0.7000000000000001,0.1
62,46.0,1.0,0.0,-0.25,1.0,0.3810871627609046,0.0,0.7000000000000001,0.1
63,46.0,1.0,0.0,-0.25,1.0,0.22424038943805816,0.0,0.7000000000000001,0.1
64,46.0,0.0,0.0,-0.25,1.0,0.19492645301633132,0.0,0.7000000000000001,0.1
65,46.0,0.0,0.0,-0.25,1.0,0.22424038943805816,0.0,0.7000000000000001,0.1
66,46.0,1.0,1.0,0.0,1.0,0.8537222084621007,1.0,0.7000000000000001,0.1
67,46.0,0.0,0.0,-0.5,1.0,0.19492645301633135,0.0,0.7000000000000001,0.1
68,46.0,1.0,0.0,-0.25,1.0,0.3810871627609046,1.0,0.7000000000000001,0.1
69,46.0,0.0,0.0,-0.25,1.0,0.22424038943805816,0.0,0.7000000000000001,0.1
70,46.0,1.0,0.0,-0.25,1.0,0.3810871627609046,0.0,0.7000000000000001,0.1
71,46.0,0.0,0.0,0.0,1.0,0.22424038943805816,1.0,0.7000000000000001,0.1
72,46.0,0.0,0.0,-0.25,1.0,0.22424038943805816,0.0,0.7000000000000001,0.1
73,46.0,0.0,0.0,-0.25,1.0,0.22424038943805816,1.0,0.7000000000000001,0.1
74,46.0,1.0,0.0,0.0,1.0,0.25,0.0,0.7000000000000001,0.1
75,46.0,0.0,0.0,-0.25,1.0,0.19492645301633132,0.0,0.7000000000000001,0.1
76,46.0,1.0,1.0,0.75,1.0,0.7326110601356832,1.0,0.7000000000000001,0.1
77,46.0,1.0,0.0,-0.25,1.0,0.3810871627609046,0.0,0.7000000000000001,0.1
78,46.0,1.0,1.0,0.0,0.0,0.5195974320561491,0.0,0.7000000000000001,0.1
79,46.0,0.0,1.0,0.75,1.0,0.3764920007490042,0.0,0.7000000000000001,0.1
80,46.0,1.0,0.0,-0.25,1.0,0.22424038943805816,0.0,0.7000000000000001,0.1
81,46.0,1.0,1.0,0.75,1.0,0.5626005262020026,1.0,0.7000000000000001,0.1
82,46.0,0.0,0.0,-0.75,1.0,0.16369454078820908,0.0,0.7000000000000001,0.1
83,46.0,0.0,1.0,1.0,1.0,0.2640409227692481,0.0,0.7000000000000001,0.1
84,46.0,0.0,0.0,-0.25,1.0,0.22424038943805816,0.0,0.7000000000000001,0.1
85,46.0,0.0,0.0,-0.5,1.0,0.19492645301633135,0.0,0.7000000000000001,0.1
86,46.0,1.0,1.0,0.75,1.0,0.5626005262020027,0.0,0.7000000000000001,0.1
87,46.0,0.0,1.0,1.0,1.0,0.2926478436148859,0.0,0.7000000000000001,0.1
88,46.0,1.0,1.0,0.0,0.0,0.42563963471392224,0.0,0.7000000000000001,0.1
89,46.0,0.0,0.0,-0.25,1.0,0.2032933584627404,1.0,0.7000000000000001,0.1
0,47.0,0.0,1.0,0.0,0.0,0.37664342272939705,0.0,0.7000000000000001,0.1
1,47.0,1.0,1.0,0.0,0.0,0.5640745522384015,0.0,0.7000000000000001,0.1
2,47.0,0.0,0.0,-0.25,1.0,0.12297989940411128,1.0,0.7000000000000001,0.1
3,47.0,0.0,0.0,0.0,1.0,0.25,0.0,0.7000000000000001,0.1
4,47.0,0.0,1.0,0.0,0.0,0.42863765737412807,0.0,0.7000000000000001,0.1
5,47.0,0.0,0.0,0.0,1.0,0.21164795483875487,0.0,0.7000000000000001,0.1
6,47.0,1.0,1.0,0.0,1.0,0.9538573564920015,1.0,0.7000000000000001,0.1
7,47.0,0.0,1.0,0.0,0.0,0.31147544332840854,1.0,0.7000000000000001,0.1
8,47.0,1.0,1.0,0.75,1.0,0.5752105287615031,1.0,0.7000000000000001,0.1
9,47.0,0.0,1.0,0.0,0.0,0.4286376573741281,1.0,0.7000000000000001,0.1
10,47.0,1.0,0.0,-0.25,1.0,0.21164795483875487,1.0,0.7000000000000001,0.1
11,47.0,1.0,1.0,1.0,1.0,0.4397973828593219,1.0,0.7000000000000001,0.1
12,47.0,0.0,0.0,-0.75,1.0,0.12297989940411128,1.0,0.7000000000000001,0.1
13,47.0,0.0,0.0,-0.25,1.0,0.18349787905995457,0.0,0.7000000000000001,0.1
14,47.0,0.0,0.0,0.0,1.0,0.21164795483875487,0.0,0.7000000000000001,0.1
15,47.0,1.0,1.0,1.0,1.0,0.3127892783265672,0.0,0.7000000000000001,0.1
16,47.0,1.0,0.0,-0.25,1.0,0.44404368428493635,1.0,0.7000000000000001,0.1
17,47.0,0.0,0.0,0.0,1.0,0.21164795483875487,1.0,0.7000000000000001,0.1
18,47.0,0.0,0.0,-0.25,1.0,0.12297989940411128,1.0,0.7000000000000001,0.1
19,47.0,1.0,1.0,0.75,1.0,0.7002039542751203,0.0,0.7000000000000001,0.1
20,47.0,0.0,1.0,0.0,0.0,0.37664342272939694,0.0,0.7000000000000001,0.1
21,47.0,0.0,1.0,0.0,0.0,0.37664342272939694,0.0,0.7000000000000001,0.1
22,47.0,1.0,1.0,0.25,1.0,0.9229876290539056,1.0,0.7000000000000001,0.1
23,47.0,0.0,1.0,0.0,0.0,0.37664342272939694,1.0,0.7000000000000001,0.1
24,47.0,0.0,0.0,0.0,1.0,0.21164795483875487,1.0,0.7000000000000001,0.1
25,47.0,0.0,0.0,-0.25,1.0,0.21164795483875487,0.0,0.7000000000000001,0.1
26,47.0,0.0,0.0,0.0,1.0,0.25,1.0,0.7000000000000001,0.1
27,47.0,0.0,0.0,-0.25,1.0,0.16736321439645063,0.0,0.7000000000000001,0.1
28,47.0,1.0,1.0,0.0,1.0,0.9727189648214398,1.0,0.7000000000000001,0.1
29,47.0,0.0,0.0,-0.5,1.0,0.16736321439645063,0.0,0.7000000000000001,0.1
30,47.0,0.0,0.0,0.0,1.0,0.25,0.0,0.7000000000000001,0.1
31,47.0,1.0,1.0,0.0,0.0,0.42863765737412807,0.0,0.7000000000000001,0.1
32,47.0,1.0,0.0,-0.25,1.0,0.44404368428493635,1.0,0.7000000000000001,0.1
33,47.0,0.0,0.0,0.0,1.0,0.25,1.0,0.7000000000000001,0.1
34,47.0,1.0,1.0,0.0,0.0,0.7937973628656927,1.0,0.7000000000000001,0.1
35,47.0,1.0,1.0,0.0,0.0,0.42863765737412807,0.0,0.7000000000000001,0.1
36,47.0,1.0,1.0,0.0,0.0,0.8691080965203172,1.0,0.7000000000000001,0.1
37,47.0,1.0,1.0,0.0,0.0,0.7937973628656927,1.0,0.7000000000000001,0.1
38,47.0,1.0,1.0,0.0,1.0,0.9727189648214398,1.0,0.7000000000000001,0.1
39,47.0,0.0,0.0,0.0,1.0,0.21164795483875487,1.0,0.7000000000000001,0.1
40,47.0,0.0,1.0,1.0,1.0,0.3127892783265672,1.0,0.7000000000000001,0.1
41,47.0,0.0,0.0,0.0,1.0,0.21164795483875487,0.0,0.7000000000000001,0.1
42,47.0,0.0,0.0,0.0,1.0,0.25,0.0,0.7000000000000001,0.1
43,47.0,0.0,1.0,0.75,1.0,0.3873672219144525,0.0,0.7000000000000001,0.1
44,47.0,0.0,0.0,-0.25,1.0,0.21164795483875487,0.0,0.7000000000000001,0.1
45,47.0,1.0,1.0,0.0,0.0,0.5640745522384015,0.0,0.7000000000000001,0.1
46,47.0,1.0,0.0,-0.25,1.0,0.44404368428493635,1.0,0.7000000000000001,0.1
47,47.0,0.0,1.0,0.5,1.0,0.5216699845036592,0.0,0.7000000000000001,0.1
48,47.0,0.0,1.0,0.0,0.0,0.37664342272939705,0.0,0.7000000000000001,0.1
49,47.0,0.0,0.0,-0.75,1.0,0.12297989940411128,0.0,0.7000000000000001,0.1
50,47.0,1.0,0.0,-0.25,1.0,0.31650212094004543,0.0,0.7000000000000001,0.1
51,47.0,0.0,0.0,0.0,1.0,0.16736321439645063,0.0,0.7000000000000001,0.1
52,47.0,0.0,0.0,0.0,1.0,0.21164795483875487,0.0,0.7000000000000001,0.1
53,47.0,0.0,0.0,-0.25,1.0,0.18349787905995457,0.0,0.7000000000000001,0.1
54,47.0,1.0,0.0,-0.25,1.0,0.31650212094004543,0.0,0.7000000000000001,0.1
55,47.0,0.0,0.0,0.0,1.0,0.21164795483875487,1.0,0.7000000000000001,0.1
56,47.0,0.0,0.0,-0.5,1.0,0.16736321439645063,0.0,0.7000000000000001,0.1
57,47.0,0.0,0.0,0.0,1.0,0.25,0.0,0.7000000000000001,0.1
58,47.0,1.0,0.0,0.0,1.0,0.25,0.0,0.7000000000000001,0.1
59,47.0,0.0,0.0,0.0,1.0,0.25,0.0,0.7000000000000001,0.1
60,47.0,0.0,0.0,-0.25,1.0,0.21164795483875487,0.0,0.7000000000000001,0.1
61,47.0,1.0,1.0,0.0,0.0,0.8691080965203172,1.0,0.7000000000000001,0.1
62,47.0,0.0,0.0,-0.25,1.0,0.16736321439645063,0.0,0.7000000000000001,0.1
63,47.0,0.0,0.0,-0.5,1.0,0.12297989940411128,0.0,0.7000000000000001,0.1
64,47.0,0.0,0.0,0.0,1.0,0.16736321439645063,1.0,0.7000000000000001,0.1
65,47.0,0.0,0.0,0.0,1.0,0.25,1.0,0.7000000000000001,0.1
66,47.0,0.0,0.0,0.0,1.0,0.21164795483875487,0.0,0.7000000000000001,0.1
67,47.0,1.0,1.0,0.75,1.0,0.7002039542751203,1.0,0.7000000000000001,0.1
68,47.0,0.0,1.0,1.0,1.0,0.3127892783265672,0.0,0.7000000000000001,0.1
69,47.0,1.0,1.0,1.0,1.0,0.4397973828593219,1.0,0.7000000000000001,0.1
70,47.0,0.0,0.0,-0.25,1.0,0.21164795483875487,0.0,0.7000000000000001,0.1
71,47.0,0.0,0.0,-0.25,1.0,0.18349787905995457,0.0,0.7000000000000001,0.1
72,47.0,1.0,1.0,0.5,1.0,0.7002039542751203,1.0,0.7000000000000001,0.1
73,47.0,1.0,1.0,0.75,1.0,0.5752105287615031,1.0,0.7000000000000001,0.1
74,47.0,0.0,0.0,-0.5,1.0,0.054746247477062006,1.0,0.7000000000000001,0.1
75,47.0,1.0,1.0,0.75,1.0,0.7002039542751203,1.0,0.7000000000000001,0.1
76,47.0,1.0,0.0,-0.5,1.0,0.2574424273500873,1.0,0.7000000000000001,0.1
77,47.0,0.0,1.0,0.75,1.0,0.3873672219144525,1.0,0.7000000000000001,0.1
78,47.0,0.0,1.0,0.0,0.0,0.42863765737412807,0.0,0.7000000000000001,0.1
79,47.0,0.0,1.0,1.0,1.0,0.2682500290346605,0.0,0.7000000000000001,0.1
80,47.0,0.0,0.0,-0.25,1.0,0.16736321439645063,0.0,0.7000000000000001,0.1
81,47.0,1.0,0.0,-0.25,1.0,0.21164795483875487,0.0,0.7000000000000001,0.1
82,47.0,0.0,0.0,0.0,1.0,0.21164795483875487,1.0,0.7000000000000001,0.1
83,47.0,0.0,0.0,0.0,1.0,0.25,1.0,0.7000000000000001,0.1
84,47.0,1.0,0.0,-0.5,1.0,0.2574424273500873,0.0,0.7000000000000001,0.1
85,47.0,1.0,1.0,0.5,1.0,0.8011338567282882,1.0,0.7000000000000001,0.1
86,47.0,1.0,0.0,-0.25,1.0,0.21164795483875487,0.0,0.7000000000000001,0.1
87,47.0,0.0,0.0,0.0,1.0,0.25,0.0,0.7000000000000001,0.1
88,47.0,0.0,1.0,0.0,0.0,0.37664342272939705,1.0,0.7000000000000001,0.1
89,47.0,0.0,0.0,0.0,1.0,0.25,0.0,0.7000000000000001,0.1
0,49.0,0.0,1.0,0.0,0.0,0.44769443954753846,0.0,0.7000000000000001,0.1
1,49.0,0.0,1.0,0.0,0.0,0.5355497606418657,0.0,0.7000000000000001,0.1
2,49.0,1.0,0.0,-0.25,1.0,0.34698060902467615,1.0,0.7000000000000001,0.1
3,49.0,1.0,0.0,-0.75,1.0,0.14237241430677328,1.0,0.7000000000000001,0.1
4,49.0,0.0,1.0,0.0,0.0,0.44769443954753846,0.0,0.7000000000000001,0.1
5,49.0,1.0,1.0,0.75,1.0,0.73235956792929,1.0,0.7000000000000001,0.1
6,49.0,0.0,0.0,-0.25,1.0,0.15301939097532385,1.0,0.7000000000000001,0.1
7,49.0,0.0,1.0,0.0,0.0,0.44769443954753846,1.0,0.7000000000000001,0.1
8,49.0,0.0,0.0,0.0,1.0,0.18984122650402815,0.0,0.7000000000000001,0.1
9,49.0,0.0,1.0,0.0,0.0,0.5355497606418657,0.0,0.7000000000000001,0.1
10,49.0,1.0,1.0,0.75,1.0,0.73235956792929,0.0,0.7000000000000001,0.1
11,49.0,1.0,1.0,0.25,1.0,0.9939410924025259,1.0,0.7000000000000001,0.1
12,49.0,0.0,0.0,-0.25,1.0,0.18984122650402815,1.0,0.7000000000000001,0.1
13,49.0,1.0,1.0,0.75,1.0,0.7323595679292901,1.0,0.7000000000000001,0.1
14,49.0,1.0,0.0,0.0,1.0,0.25,0.0,0.7000000000000001,0.1
15,49.0,0.0,0.0,0.0,1.0,0.25,1.0,0.7000000000000001,0.1
16,49.0,1.0,0.0,-0.25,1.0,0.34698060902467615,0.0,0.7000000000000001,0.1
17,49.0,1.0,1.0,0.75,1.0,0.7323595679292901,1.0,0.7000000000000001,0.1
18,49.0,0.0,0.0,-0.25,1.0,0.15301939097532385,1.0,0.7000000000000001,0.1
19,49.0,1.0,0.0,-0.25,1.0,0.34698060902467615,1.0,0.7000000000000001,0.1
20,49.0,1.0,1.0,0.0,0.0,0.7233507202521368,1.0,0.7000000000000001,0.1
21,49.0,0.0,1.0,0.0,0.0,0.44769443954753846,0.0,0.7000000000000001,0.1
22,49.0,1.0,1.0,0.75,1.0,0.7323595679292901,1.0,0.7000000000000001,0.1
23,49.0,0.0,1.0,0.0,0.0,0.44769443954753846,0.0,0.7000000000000001,0.1
24,49.0,0.0,0.0,0.0,1.0,0.18984122650402815,0.0,0.7000000000000001,0.1
25,49.0,1.0,1.0,0.75,1.0,0.5468429642984389,0.0,0.7000000000000001,0.1
26,49.0,0.0,0.0,0.0,1.0,0.18984122650402815,0.0,0.7000000000000001,0.1
27,49.0,1.0,0.0,-0.25,1.0,0.8610184577601487,1.0,0.7000000000000001,0.1
28,49.0,0.0,0.0,0.0,1.0,0.18984122650402815,1.0,0.7000000000000001,0.1
29,49.0,0.0,0.0,-0.25,1.0,0.12282255366420348,1.0,0.7000000000000001,0.1
30,49.0,1.0,1.0,0.25,1.0,0.9863657763284295,1.0,0.7000000000000001,0.1
31,49.0,0.0,1.0,0.0,0.0,0.5355497606418657,0.0,0.7000000000000001,0.1
32,49.0,1.0,0.0,0.0,1.0,0.25,1.0,0.7000000000000001,0.1
33,49.0,0.0,1.0,0.75,1.0,0.4589657665400285,0.0,0.7000000000000001,0.1
34,49.0,0.0,1.0,0.0,0.0,0.44769443954753846,1.0,0.7000000000000001,0.1
35,49.0,1.0,1.0,0.0,0.0,0.7233507202521368,1.0,0.7000000000000001,0.1
36,49.0,1.0,1.0,0.0,0.0,0.8556780803868722,1.0,0.7000000000000001,0.1
37,49.0,0.0,1.0,0.0,0.0,0.44769443954753846,0.0,0.7000000000000001,0.1
38,49.0,0.0,0.0,-0.25,1.0,0.18984122650402815,1.0,0.7000000000000001,0.1
39,49.0,0.0,0.0,-0.25,1.0,0.18984122650402815,1.0,0.7000000000000001,0.1
40,49.0,1.0,0.0,-0.25,1.0,0.34698060902467615,1.0,0.7000000000000001,0.1
41,49.0,0.0,0.0,-0.25,1.0,0.18984122650402815,1.0,0.7000000000000001,0.1
42,49.0,1.0,0.0,-0.25,1.0,0.34698060902467615,0.0,0.7000000000000001,0.1
43,49.0,1.0,1.0,0.75,1.0,0.7323595679292901,0.0,0.7000000000000001,0.1
44,49.0,1.0,0.0,0.0,1.0,0.4304763204879156,1.0,0.7000000000000001,0.1
45,49.0,0.0,1.0,0.0,0.0,0.44769443954753846,0.0,0.7000000000000001,0.1
46,49.0,0.0,1.0,0.75,1.0,0.4589657665400285,1.0,0.7000000000000001,0.1
47,49.0,0.0,0.0,0.0,1.0,0.25,0.0,0.7000000000000001,0.1
48,49.0,0.0,1.0,0.0,0.0,0.44769443954753846,0.0,0.7000000000000001,0.1
49,49.0,1.0,1.0,0.25,1.0,0.9696088098503414,1.0,0.7000000000000001,0.1
50,49.0,0.0,0.0,-0.25,1.0,0.18984122650402815,0.0,0.7000000000000001,0.1
51,49.0,0.0,0.0,0.0,1.0,0.18984122650402815,0.0,0.7000000000000001,0.1
52,49.0,0.0,0.0,-0.25,1.0,0.12282255366420346,0.0,0.7000000000000001,0.1
53,49.0,1.0,0.0,0.0,1.0,0.25,0.0,0.7000000000000001,0.1
54,49.0,1.0,1.0,0.75,1.0,0.5468429642984389,1.0,0.7000000000000001,0.1
55,49.0,0.0,0.0,-0.25,1.0,0.15301939097532385,1.0,0.7000000000000001,0.1
56,49.0,0.0,0.0,-0.25,1.0,0.15301939097532385,1.0,0.7000000000000001,0.1
57,49.0,1.0,0.0,0.0,1.0,0.4304763204879156,1.0,0.7000000000000001,0.1
58,49.0,1.0,0.0,0.0,1.0,0.4304763204879156,0.0,0.7000000000000001,0.1
59,49.0,1.0,1.0,0.75,1.0,0.7323595679292901,1.0,0.7000000000000001,0.1
60,49.0,0.0,0.0,-0.25,1.0,0.12282255366420348,1.0,0.7000000000000001,0.1
61,49.0,0.0,1.0,0.0,0.0,0.5355497606418657,0.0,0.7000000000000001,0.1
62,49.0,1.0,1.0,1.0,1.0,0.34733340341904906,0.0,0.7000000000000001,0.1
63,49.0,0.0,1.0,0.75,1.0,0.4589657665400286,1.0,0.7000000000000001,0.1
64,49.0,0.0,0.0,-0.25,1.0,0.12282255366420348,0.0,0.7000000000000001,0.1
65,49.0,0.0,0.0,-0.25,1.0,0.18984122650402815,1.0,0.7000000000000001,0.1
66,49.0,1.0,1.0,0.0,1.0,0.9939410924025259,1.0,0.7000000000000001,0.1
67,49.0,0.0,0.0,0.0,1.0,0.18984122650402815,0.0,0.7000000000000001,0.1
68,49.0,0.0,0.0,0.0,1.0,0.18984122650402815,0.0,0.7000000000000001,0.1
69,49.0,0.0,1.0,0.75,1.0,0.5468429642984389,0.0,0.7000000000000001,0.1
70,49.0,1.0,1.0,0.25,1.0,0.9939410924025259,1.0,0.7000000000000001,0.1
71,49.0,1.0,1.0,0.75,1.0,0.5468429642984389,1.0,0.7000000000000001,0.1
72,49.0,0.0,1.0,0.75,1.0,0.4589657665400286,1.0,0.7000000000000001,0.1
73,49.0,0.0,0.0,-0.25,1.0,0.12282255366420348,0.0,0.7000000000000001,0.1
74,49.0,0.0,0.0,-0.25,1.0,0.12282255366420348,0.0,0.7000000000000001,0.1
75,49.0,1.0,1.0,0.75,1.0,0.8612046289732286,1.0,0.7000000000000001,0.1
76,49.0,1.0,0.0,-0.25,1.0,0.34698060902467615,1.0,0.7000000000000001,0.1
77,49.0,0.0,1.0,1.0,1.0,0.272255081187181,0.0,0.7000000000000001,0.1
78,49.0,1.0,1.0,0.0,0.0,0.7233507202521368,1.0,0.7000000000000001,0.1
79,49.0,0.0,0.0,-0.25,1.0,0.18984122650402815,0.0,0.7000000000000001,0.1
80,49.0,0.0,0.0,-0.25,1.0,0.12282255366420348,0.0,0.7000000000000001,0.1
81,49.0,0.0,1.0,1.0,1.0,0.272255081187181,1.0,0.7000000000000001,0.1
82,49.0,1.0,1.0,0.75,1.0,0.7323595679292901,1.0,0.7000000000000001,0.1
83,49.0,0.0,0.0,0.0,1.0,0.18984122650402815,0.0,0.7000000000000001,0.1
84,49.0,0.0,0.0,-0.25,1.0,0.18984122650402815,1.0,0.7000000000000001,0.1
85,49.0,0.0,0.0,-0.25,1.0,0.12282255366420348,0.0,0.7000000000000001,0.1
86,49.0,1.0,1.0,0.75,1.0,0.5468429642984389,1.0,0.7000000000000001,0.1
87,49.0,1.0,1.0,0.25,1.0,0.9696088098503413,1.0,0.7000000000000001,0.1
88,49.0,1.0,1.0,0.0,0.0,0.9682395082653634,1.0,0.7000000000000001,0.1
89,49.0,0.0,0.0,-0.25,1.0,0.18984122650402815,0.0,0.7000000000000001,0.1
0,51.0,1.0,1.0,0.0,0.0,0.6262995935220683,1.0,0.7000000000000001,0.1
1,51.0,0.0,1.0,0.0,0.0,0.42610118417110865,0.0,0.7000000000000001,0.1
2,51.0,0.0,0.0,-0.25,1.0,0.16138941741408905,1.0,0.7000000000000001,0.1
3,51.0,0.0,0.0,-0.25,1.0,0.16138941741408905,0.0,0.7000000000000001,0.1
4,51.0,0.0,1.0,0.0,0.0,0.42610118417110865,0.0,0.7000000000000001,0.1
5,51.0,0.0,1.0,0.75,1.0,0.39680062988679404,0.0,0.7000000000000001,0.1
6,51.0,1.0,0.0,-0.25,1.0,0.320646462781525,1.0,0.7000000000000001,0.1
7,51.0,0.0,1.0,0.0,0.0,0.42610118417110865,1.0,0.7000000000000001,0.1
8,51.0,0.0,1.0,0.75,1.0,0.39680062988679404,0.0,0.7000000000000001,0.1
9,51.0,0.0,1.0,0.0,0.0,0.42610118417110865,0.0,0.7000000000000001,0.1
10,51.0,0.0,0.0,-0.25,1.0,0.16138941741408905,0.0,0.7000000000000001,0.1
11,51.0,0.0,1.0,0.75,1.0,0.39680062988679404,0.0,0.7000000000000001,0.1
12,51.0,1.0,0.0,-0.25,1.0,0.320646462781525,0.0,0.7000000000000001,0.1
13,51.0,0.0,0.0,-0.25,1.0,0.179353537218475,0.0,0.7000000000000001,0.1
14,51.0,0.0,0.0,-0.25,1.0,0.179353537218475,0.0,0.7000000000000001,0.1
15,51.0,1.0,1.0,0.75,1.0,0.5975667789492042,1.0,0.7000000000000001,0.1
16,51.0,0.0,0.0,-0.25,1.0,0.179353537218475,1.0,0.7000000000000001,0.1
17,51.0,0.0,0.0,-0.25,1.0,0.16138941741408905,0.0,0.7000000000000001,0.1
18,51.0,0.0,1.0,0.75,1.0,0.39680062988679404,1.0,0.7000000000000001,0.1
19,51.0,0.0,1.0,0.75,1.0,0.32410781778421305,0.0,0.7000000000000001,0.1
20,51.0,0.0,1.0,0.0,0.0,0.42610118417110865,0.0,0.7000000000000001,0.1
21,51.0,0.0,1.0,0.0,0.0,0.42610118417110865,0.0,0.7000000000000001,0.1
22,51.0,0.0,1.0,0.75,1.0,0.39680062988679404,1.0,0.7000000000000001,0.1
23,51.0,1.0,1.0,0.0,0.0,0.8426839148246994,1.0,0.7000000000000001,0.1
24,51.0,0.0,0.0,-0.25,1.0,0.179353537218475,0.0,0.7000000000000001,0.1
25,51.0,1.0,0.0,-0.25,1.0,0.32064646278152503,1.0,0.7000000000000001,0.1
26,51.0,0.0,1.0,0.75,1.0,0.39680062988679404,0.0,0.7000000000000001,0.1
27,51.0,0.0,0.0,-0.25,1.0,0.16138941741408905,0.0,0.7000000000000001,0.1
28,51.0,0.0,0.0,0.0,1.0,0.20886463214021642,0.0,0.7000000000000001,0.1
29,51.0,1.0,0.0,-0.25,1.0,0.320646462781525,0.0,0.7000000000000001,0.1
30,51.0,1.0,1.0,0.25,1.0,0.9381534830310261,1.0,0.7000000000000001,0.1
31,51.0,0.0,1.0,0.0,0.0,0.42610118417110865,0.0,0.7000000000000001,0.1
32,51.0,1.0,1.0,0.0,1.0,0.9797911386522308,1.0,0.7000000000000001,0.1
33,51.0,0.0,0.0,-0.25,1.0,0.16138941741408905,0.0,0.7000000000000001,0.1
34,51.0,0.0,1.0,0.0,0.0,0.42610118417110865,1.0,0.7000000000000001,0.1
35,51.0,1.0,1.0,0.0,0.0,0.6262995935220683,1.0,0.7000000000000001,0.1
36,51.0,0.0,1.0,0.0,0.0,0.42610118417110865,0.0,0.7000000000000001,0.1
37,51.0,0.0,1.0,0.0,0.0,0.42610118417110865,0.0,0.7000000000000001,0.1
38,51.0,1.0,1.0,0.75,1.0,0.726376836922748,1.0,0.7000000000000001,0.1
39,51.0,0.0,1.0,0.75,1.0,0.39680062988679404,1.0,0.7000000000000001,0.1
40,51.0,1.0,0.0,-0.25,1.0,0.320646462781525,0.0,0.7000000000000001,0.1
41,51.0,0.0,0.0,-0.25,1.0,0.179353537218475,0.0,0.7000000000000001,0.1
42,51.0,0.0,0.0,-0.25,1.0,0.179353537218475,0.0,0.7000000000000001,0.1
43,51.0,0.0,0.0,-0.25,1.0,0.179353537218475,0.0,0.7000000000000001,0.1
44,51.0,0.0,0.0,-0.25,1.0,0.16138941741408905,0.0,0.7000000000000001,0.1
45,51.0,0.0,1.0,0.0,0.0,0.42610118417110865,0.0,0.7000000000000001,0.1
46,51.0,0.0,1.0,0.75,1.0,0.39680062988679404,0.0,0.7000000000000001,0.1
47,51.0,1.0,1.0,0.0,1.0,0.9644369749128588,1.0,0.7000000000000001,0.1
48,51.0,0.0,1.0,0.0,0.0,0.35116556003061433,0.0,0.7000000000000001,0.1
49,51.0,0.0,0.0,-0.25,1.0,0.20886463214021642,0.0,0.7000000000000001,0.1
50,51.0,1.0,1.0,0.75,1.0,0.726376836922748,1.0,0.7000000000000001,0.1
51,51.0,0.0,0.0,-0.25,1.0,0.179353537218475,0.0,0.7000000000000001,0.1
52,51.0,1.0,1.0,0.75,1.0,0.5975667789492042,0.0,0.7000000000000001,0.1
53,51.0,0.0,0.0,-0.25,1.0,0.16138941741408905,0.0,0.7000000000000001,0.1
54,51.0,0.0,0.0,-0.25,1.0,0.179353537218475,0.0,0.7000000000000001,0.1
55,51.0,0.0,0.0,-0.25,1.0,0.16138941741408905,0.0,0.7000000000000001,0.1
56,51.0,1.0,1.0,0.0,1.0,0.9644369749128586,1.0,0.7000000000000001,0.1
57,51.0,0.0,0.0,-0.25,1.0,0.16138941741408905,1.0,0.7000000000000001,0.1
58,51.0,0.0,0.0,-0.25,1.0,0.16138941741408905,0.0,0.7000000000000001,0.1
59,51.0,1.0,0.0,-0.25,1.0,0.320646462781525,0.0,0.7000000000000001,0.1
60,51.0,0.0,0.0,-0.75,1.0,0.10524197456741868,0.0,0.7000000000000001,0.1
61,51.0,1.0,1.0,0.0,0.0,0.9054510134053035,1.0,0.7000000000000001,0.1
62,51.0,1.0,1.0,0.75,1.0,0.8259651945373612,1.0,0.7000000000000001,0.1
63,51.0,0.0,1.0,0.75,1.0,0.39680062988679404,0.0,0.7000000000000001,0.1
64,51.0,0.0,0.0,-0.25,1.0,0.179353537218475,0.0,0.7000000000000001,0.1
65,51.0,0.0,1.0,0.75,1.0,0.39680062988679404,0.0,0.7000000000000001,0.1
66,51.0,1.0,1.0,0.0,1.0,0.9644369749128586,1.0,0.7000000000000001,0.1
67,51.0,0.0,0.0,-0.25,1.0,0.179353537218475,0.0,0.7000000000000001,0.1
68,51.0,0.0,0.0,-0.25,1.0,0.179353537218475,1.0,0.7000000000000001,0.1
69,51.0,0.0,0.0,-0.25,1.0,0.179353537218475,0.0,0.7000000000000001,0.1
70,51.0,1.0,0.0,-0.25,1.0,0.320646462781525,0.0,0.7000000000000001,0.1
71,51.0,0.0,1.0,0.75,1.0,0.39680062988679404,1.0,0.7000000000000001,0.1
72,51.0,1.0,0.0,-0.25,1.0,0.320646462781525,0.0,0.7000000000000001,0.1
73,51.0,0.0,0.0,-0.25,1.0,0.179353537218475,0.0,0.7000000000000001,0.1
74,51.0,1.0,1.0,0.75,1.0,0.5975667789492042,0.0,0.7000000000000001,0.1
75,51.0,1.0,0.0,-0.25,1.0,0.32064646278152503,1.0,0.7000000000000001,0.1
76,51.0,0.0,0.0,-0.25,1.0,0.179353537218475,0.0,0.7000000000000001,0.1
77,51.0,1.0,1.0,0.75,1.0,0.5975667789492042,1.0,0.7000000000000001,0.1
78,51.0,0.0,1.0,0.0,0.0,0.42610118417110865,0.0,0.7000000000000001,0.1
79,51.0,0.0,1.0,0.75,1.0,0.39680062988679404,0.0,0.7000000000000001,0.1
80,51.0,0.0,0.0,-0.25,1.0,0.179353537218475,0.0,0.7000000000000001,0.1
81,51.0,0.0,0.0,-0.25,1.0,0.179353537218475,1.0,0.7000000000000001,0.1
82,51.0,0.0,0.0,-0.25,1.0,0.16138941741408905,1.0,0.7000000000000001,0.1
83,51.0,0.0,0.0,-0.25,1.0,0.16138941741408905,0.0,0.7000000000000001,0.1
84,51.0,0.0,0.0,-0.25,1.0,0.179353537218475,0.0,0.7000000000000001,0.1
85,51.0,1.0,1.0,0.75,1.0,0.8259651945373613,1.0,0.7000000000000001,0.1
86,51.0,0.0,1.0,0.75,1.0,0.39680062988679404,1.0,0.7000000000000001,0.1
87,51.0,0.0,0.0,-0.25,1.0,0.16138941741408905,0.0,0.7000000000000001,0.1
88,51.0,0.0,1.0,0.0,0.0,0.42610118417110865,1.0,0.7000000000000001,0.1
89,51.0,0.0,1.0,0.75,1.0,0.39680062988679404,0.0,0.7000000000000001,0.1
0,52.0,0.0,1.0,0.0,0.0,0.4333851961571169,1.0,0.7000000000000001,0.1
1,52.0,0.0,1.0,0.0,0.0,0.4057412929842751,1.0,0.7000000000000001,0.1
2,52.0,1.0,1.0,0.0,1.0,0.8236938037037514,1.0,0.7000000000000001,0.1
3,52.0,0.0,1.0,0.25,1.0,0.4720093677498604,0.0,0.7000000000000001,0.1
4,52.0,1.0,1.0,0.0,0.0,0.5099909887812821,0.0,0.7000000000000001,0.1
5,52.0,0.0,1.0,0.75,1.0,0.35101569246281383,1.0,0.7000000000000001,0.1
6,52.0,1.0,0.0,-0.5,1.0,0.39545967246120733,1.0,0.7000000000000001,0.1
7,52.0,1.0,1.0,0.0,0.0,0.6583642786777922,1.0,0.7000000000000001,0.1
8,52.0,0.0,0.0,-0.25,1.0,0.2293193492120222,1.0,0.7000000000000001,0.1
9,52.0,0.0,1.0,0.0,0.0,0.405741292984275,0.0,0.7000000000000001,0.1
10,52.0,1.0,1.0,0.0,1.0,0.8236938037037514,1.0,0.7000000000000001,0.1
11,52.0,1.0,1.0,0.25,1.0,0.7161680765443975,1.0,0.7000000000000001,0.1
12,52.0,1.0,1.0,0.0,1.0,0.7744401149912046,1.0,0.7000000000000001,0.1
13,52.0,1.0,1.0,0.25,1.0,0.7744401149912048,1.0,0.7000000000000001,0.1
14,52.0,1.0,0.0,-0.25,1.0,0.3552331653455448,1.0,0.7000000000000001,0.1
15,52.0,0.0,1.0,0.5,1.0,0.39649239797678376,0.0,0.7000000000000001,0.1
16,52.0,0.0,1.0,0.75,1.0,0.35101569246281383,0.0,0.7000000000000001,0.1
17,52.0,1.0,0.0,-0.25,1.0,0.3552331653455448,0.0,0.7000000000000001,0.1
18,52.0,1.0,1.0,0.0,1.0,0.7744401149912048,1.0,0.7000000000000001,0.1
19,52.0,1.0,0.0,-0.25,1.0,0.35523316534554483,0.0,0.7000000000000001,0.1
20,52.0,1.0,1.0,0.0,0.0,0.7239290297658645,0.0,0.7000000000000001,0.1
21,52.0,1.0,1.0,0.0,0.0,0.6583642786777922,0.0,0.7000000000000001,0.1
22,52.0,1.0,1.0,0.0,1.0,0.7744401149912048,1.0,0.7000000000000001,0.1
23,52.0,1.0,1.0,0.0,0.0,0.7239290297658645,1.0,0.7000000000000001,0.1
24,52.0,1.0,0.0,-0.5,1.0,0.39545967246120733,0.0,0.7000000000000001,0.1
25,52.0,0.0,0.0,-0.75,1.0,0.1555601535651668,0.0,0.7000000000000001,0.1
26,52.0,1.0,0.0,-0.25,1.0,0.4284709641971605,1.0,0.7000000000000001,0.1
27,52.0,1.0,0.0,-0.25,1.0,0.4284709641971606,1.0,0.7000000000000001,0.1
28,52.0,1.0,1.0,0.5,1.0,0.6496521645876191,0.0,0.7000000000000001,0.1
29,52.0,1.0,1.0,0.25,1.0,0.7744401149912048,1.0,0.7000000000000001,0.1
30,52.0,1.0,0.0,0.0,1.0,0.31204195236393334,1.0,0.7000000000000001,0.1
31,52.0,1.0,1.0,0.0,0.0,0.5861303961422825,1.0,0.7000000000000001,0.1
32,52.0,1.0,1.0,0.0,1.0,0.8236938037037514,1.0,0.7000000000000001,0.1
33,52.0,0.0,0.0,-0.75,1.0,0.10697529587788235,0.0,0.7000000000000001,0.1
34,52.0,1.0,1.0,0.0,0.0,0.6583642786777922,1.0,0.7000000000000001,0.1
35,52.0,0.0,1.0,0.0,0.0,0.4333851961571169,0.0,0.7000000000000001,0.1
36,52.0,1.0,1.0,0.0,0.0,0.6583642786777923,1.0,0.7000000000000001,0.1
37,52.0,0.0,1.0,0.0,0.0,0.4057412929842751,0.0,0.7000000000000001,0.1
38,52.0,1.0,1.0,0.0,1.0,0.8236938037037514,1.0,0.7000000000000001,0.1
39,52.0,0.0,0.0,-0.25,1.0,0.18117535700081486,1.0,0.7000000000000001,0.1
40,52.0,0.0,0.0,0.0,1.0,0.20611804073685688,1.0,0.7000000000000001,0.1
41,52.0,1.0,0.0,-0.75,1.0,0.29062295882979783,0.0,0.7000000000000001,0.1
42,52.0,0.0,1.0,0.5,1.0,0.4239557140468634,0.0,0.7000000000000001,0.1
43,52.0,1.0,1.0,0.0,1.0,0.8236938037037514,0.0,0.7000000000000001,0.1
44,52.0,0.0,1.0,0.25,1.0,0.5003666295249332,1.0,0.7000000000000001,0.1
45,52.0,1.0,1.0,0.0,0.0,0.6583642786777922,0.0,0.7000000000000001,0.1
46,52.0,1.0,1.0,0.25,1.0,0.7161680765443975,0.0,0.7000000000000001,0.1
47,52.0,1.0,0.0,0.0,1.0,0.5333195393044997,0.0,0.7000000000000001,0.1
48,52.0,1.0,1.0,0.0,0.0,0.5861303961422825,0.0,0.7000000000000001,0.1
49,52.0,0.0,1.0,0.25,1.0,0.500366629524933,0.0,0.7000000000000001,0.1
50,52.0,1.0,1.0,0.75,1.0,0.576760422043935,1.0,0.7000000000000001,0.1
51,52.0,1.0,0.0,0.0,1.0,0.38164587778942943,1.0,0.7000000000000001,0.1
52,52.0,1.0,0.0,-0.75,1.0,0.3579349487413384,0.0,0.7000000000000001,0.1
53,52.0,0.0,0.0,-0.25,1.0,0.20611804073685688,0.0,0.7000000000000001,0.1
54,52.0,0.0,0.0,-0.25,1.0,0.2293193492120222,0.0,0.7000000000000001,0.1
55,52.0,0.0,0.0,-0.25,1.0,0.20611804073685688,0.0,0.7000000000000001,0.1
56,52.0,0.0,0.0,0.0,1.0,0.2293193492120222,0.0,0.7000000000000001,0.1
57,52.0,1.0,1.0,0.0,1.0,0.8236938037037514,1.0,0.7000000000000001,0.1
58,52.0,0.0,1.0,0.25,1.0,0.4382156394882303,0.0,0.7000000000000001,0.1
59,52.0,1.0,1.0,0.75,1.0,0.576760422043935,1.0,0.7000000000000001,0.1
60,52.0,1.0,1.0,1.0,1.0,0.5003666295249332,0.0,0.7000000000000001,0.1
61,52.0,0.0,1.0,0.0,0.0,0.4057412929842751,1.0,0.7000000000000001,0.1
62,52.0,0.0,1.0,0.5,1.0,0.39649239797678376,0.0,0.7000000000000001,0.1
63,52.0,1.0,1.0,0.25,1.0,0.7161680765443975,1.0,0.7000000000000001,0.1
64,52.0,0.0,0.0,-0.25,1.0,0.20611804073685688,0.0,0.7000000000000001,0.1
65,52.0,0.0,1.0,0.75,1.0,0.3256065740230067,0.0,0.7000000000000001,0.1
66,52.0,1.0,0.0,-0.25,1.0,0.4284709641971605,0.0,0.7000000000000001,0.1
67,52.0,0.0,0.0,-0.25,1.0,0.21179880104511647,1.0,0.7000000000000001,0.1
68,52.0,1.0,1.0,0.0,1.0,0.7161680765443975,1.0,0.7000000000000001,0.1
69,52.0,1.0,0.0,-0.25,1.0,0.4284709641971606,0.0,0.7000000000000001,0.1
70,52.0,0.0,0.0,-0.75,1.0,0.1304613598197311,0.0,0.7000000000000001,0.1
71,52.0,1.0,1.0,0.0,1.0,0.7744401149912048,1.0,0.7000000000000001,0.1
72,52.0,1.0,1.0,0.0,1.0,0.8236938037037514,1.0,0.7000000000000001,0.1
73,52.0,1.0,1.0,0.25,1.0,0.7161680765443975,0.0,0.7000000000000001,0.1
74,52.0,0.0,1.0,0.75,1.0,0.3256065740230067,0.0,0.7000000000000001,0.1
75,52.0,1.0,1.0,0.5,1.0,0.6496521645876191,0.0,0.7000000000000001,0.1
76,52.0,1.0,1.0,0.75,1.0,0.5003666295249332,0.0,0.7000000000000001,0.1
77,52.0,1.0,0.0,-0.25,1.0,0.3552331653455448,0.0,0.7000000000000001,0.1
78,52.0,0.0,1.0,0.0,0.0,0.4333851961571169,0.0,0.7000000000000001,0.1
79,52.0,1.0,1.0,0.25,1.0,0.7161680765443975,0.0,0.7000000000000001,0.1
80,52.0,1.0,1.0,0.25,1.0,0.7744401149912048,0.0,0.7000000000000001,0.1
81,52.0,1.0,0.0,-0.5,1.0,0.26106053356780096,0.0,0.7000000000000001,0.1
82,52.0,1.0,1.0,0.0,1.0,0.649652164587619,1.0,0.7000000000000001,0.1
83,52.0,0.0,1.0,0.5,1.0,0.3964923979767837,1.0,0.7000000000000001,0.1
84,52.0,0.0,0.0,-0.5,1.0,0.18117535700081486,0.0,0.7000000000000001,0.1
85,52.0,1.0,1.0,0.25,1.0,0.7744401149912048,1.0,0.7000000000000001,0.1
86,52.0,1.0,0.0,0.0,1.0,0.38164587778942943,1.0,0.7000000000000001,0.1
87,52.0,1.0,1.0,0.75,1.0,0.5767604220439351,1.0,0.7000000000000001,0.1
88,52.0,1.0,1.0,0.0,0.0,0.6583642786777923,1.0,0.7000000000000001,0.1
89,52.0,1.0,0.0,-1.0,1.0,0.3170039579536285,1.0,0.7000000000000001,0.1
0,53.0,0.0,1.0,0.0,0.0,0.6373440305656088,1.0,0.7000000000000001,0.1
1,53.0,0.0,1.0,0.0,0.0,0.5561500357406733,0.0,0.7000000000000001,0.1
2,53.0,1.0,0.0,-0.25,1.0,0.19202342200864145,0.0,0.7000000000000001,0.1
3,53.0,1.0,1.0,0.75,1.0,0.7186614241766617,1.0,0.7000000000000001,0.1
4,53.0,0.0,1.0,0.0,0.0,0.6373440305656088,1.0,0.7000000000000001,0.1
5,53.0,1.0,0.0,-0.25,1.0,0.3441249791940108,0.0,0.7000000000000001,0.1
6,53.0,0.0,0.0,-0.25,1.0,0.19202342200864145,0.0,0.7000000000000001,0.1
7,53.0,1.0,1.0,0.0,0.0,0.7950771052412894,1.0,0.7000000000000001,0.1
8,53.0,0.0,0.0,-0.75,1.0,0.03737591169981176,0.0,0.7000000000000001,0.1
9,53.0,1.0,1.0,0.0,0.0,0.9497747061391206,1.0,0.7000000000000001,0.1
10,53.0,0.0,0.0,-0.5,1.0,0.12700137220686344,0.0,0.7000000000000001,0.1
11,53.0,0.0,0.0,-0.25,1.0,0.19202342200864145,1.0,0.7000000000000001,0.1
12,53.0,1.0,1.0,0.75,1.0,0.7186614241766618,1.0,0.7000000000000001,0.1
13,53.0,1.0,0.0,-0.25,1.0,0.3441249791940108,1.0,0.7000000000000001,0.1
14,53.0,1.0,1.0,0.25,1.0,0.983787589344649,1.0,0.7000000000000001,0.1
15,53.0,1.0,0.0,-0.25,1.0,0.3441249791940108,0.0,0.7000000000000001,0.1
16,53.0,1.0,1.0,1.0,1.0,0.7186614241766617,1.0,0.7000000000000001,0.1
17,53.0,0.0,0.0,0.0,1.0,0.25,0.0,0.7000000000000001,0.1
18,53.0,1.0,1.0,0.75,1.0,0.7186614241766617,0.0,0.7000000000000001,0.1
19,53.0,1.0,1.0,0.0,1.0,0.9966302245452215,1.0,0.7000000000000001,0.1
20,53.0,1.0,1.0,0.0,0.0,0.7950771052412893,1.0,0.7000000000000001,0.1
21,53.0,0.0,1.0,0.0,0.0,0.5561500357406733,0.0,0.7000000000000001,0.1
22,53.0,0.0,0.0,-0.25,1.0,0.12700137220686344,0.0,0.7000000000000001,0.1
23,53.0,1.0,1.0,0.0,0.0,0.9766072038284569,1.0,0.7000000000000001,0.1
24,53.0,1.0,0.0,-0.25,1.0,0.19202342200864145,1.0,0.7000000000000001,0.1
25,53.0,1.0,1.0,0.25,1.0,0.983787589344649,1.0,0.7000000000000001,0.1
26,53.0,0.0,0.0,-0.25,1.0,0.19202342200864145,0.0,0.7000000000000001,0.1
27,53.0,1.0,1.0,0.75,1.0,0.5364057451163725,1.0,0.7000000000000001,0.1
28,53.0,1.0,1.0,0.25,1.0,0.983787589344649,1.0,0.7000000000000001,0.1
29,53.0,1.0,1.0,0.25,1.0,0.9648952333242306,1.0,0.7000000000000001,0.1
30,53.0,0.0,0.0,-0.25,1.0,0.19202342200864145,1.0,0.7000000000000001,0.1
31,53.0,1.0,1.0,0.0,0.0,0.9497747061391207,1.0,0.7000000000000001,0.1
32,53.0,1.0,1.0,0.25,1.0,0.983787589344649,1.0,0.7000000000000001,0.1
33,53.0,0.0,1.0,1.0,1.0,0.27202501641121485,0.0,0.7000000000000001,0.1
34,53.0,1.0,1.0,0.0,0.0,0.7950771052412893,1.0,0.7000000000000001,0.1
35,53.0,1.0,1.0,0.0,0.0,0.6373440305656088,1.0,0.7000000000000001,0.1
36,53.0,1.0,1.0,0.0,0.0,0.9766072038284569,1.0,0.7000000000000001,0.1
37,53.0,1.0,1.0,0.0,0.0,0.8954588671569644,0.0,0.7000000000000001,0.1
38,53.0,1.0,0.0,-0.25,1.0,0.5366802389913666,0.0,0.7000000000000001,0.1
39,53.0,1.0,1.0,0.75,1.0,0.9256513570849301,1.0,0.7000000000000001,0.1
40,53.0,1.0,1.0,0.0,1.0,0.9966302245452215,1.0,0.7000000000000001,0.1
41,53.0,0.0,0.0,-0.25,1.0,0.12700137220686344,0.0,0.7000000000000001,0.1
42,53.0,1.0,1.0,0.75,1.0,0.7186614241766617,1.0,0.7000000000000001,0.1
43,53.0,1.0,1.0,0.5,1.0,0.7186614241766617,0.0,0.7000000000000001,0.1
44,53.0,0.0,0.0,-0.25,1.0,0.12700137220686344,1.0,0.7000000000000001,0.1
45,53.0,0.0,1.0,0.0,0.0,0.5561500357406732,1.0,0.7000000000000001,0.1
46,53.0,0.0,1.0,0.75,1.0,0.4520423123725114,1.0,0.7000000000000001,0.1
47,53.0,1.0,1.0,0.25,1.0,0.983787589344649,1.0,0.7000000000000001,0.1
48,53.0,1.0,1.0,0.0,0.0,0.7950771052412893,1.0,0.7000000000000001,0.1
49,53.0,1.0,1.0,0.75,1.0,0.5364057451163726,1.0,0.7000000000000001,0.1
50,53.0,1.0,1.0,0.25,1.0,0.9925907066935423,1.0,0.7000000000000001,0.1
51,53.0,1.0,1.0,0.75,1.0,0.7186614241766617,1.0,0.7000000000000001,0.1
52,53.0,1.0,0.0,-0.25,1.0,0.3441249791940108,0.0,0.7000000000000001,0.1
53,53.0,1.0,0.0,-0.25,1.0,0.3441249791940108,1.0,0.7000000000000001,0.1
54,53.0,0.0,0.0,-0.25,1.0,0.15587502080598917,1.0,0.7000000000000001,0.1
55,53.0,1.0,1.0,0.0,1.0,0.9925907066935423,1.0,0.7000000000000001,0.1
56,53.0,0.0,1.0,0.75,1.0,0.4520423123725114,1.0,0.7000000000000001,0.1
57,53.0,0.0,0.0,-0.25,1.0,0.12700137220686344,0.0,0.7000000000000001,0.1
58,53.0,1.0,1.0,0.75,1.0,0.7186614241766617,1.0,0.7000000000000001,0.1
59,53.0,1.0,0.0,-0.25,1.0,0.5366802389913666,1.0,0.7000000000000001,0.1
60,53.0,0.0,0.0,-0.25,1.0,0.12700137220686344,0.0,0.7000000000000001,0.1
61,53.0,1.0,1.0,0.0,0.0,0.8954588671569645,0.0,0.7000000000000001,0.1
62,53.0,1.0,1.0,0.25,1.0,0.983787589344649,1.0,0.7000000000000001,0.1
63,53.0,0.0,0.0,-0.25,1.0,0.19202342200864145,0.0,0.7000000000000001,0.1
64,53.0,1.0,1.0,0.75,1.0,0.7186614241766617,1.0,0.7000000000000001,0.1
65,53.0,0.0,1.0,0.75,1.0,0.4520423123725114,1.0,0.7000000000000001,0.1
66,53.0,1.0,1.0,0.75,1.0,0.9256513570849301,1.0,0.7000000000000001,0.1
67,53.0,0.0,0.0,-0.25,1.0,0.12700137220686344,0.0,0.7000000000000001,0.1
68,53.0,0.0,1.0,0.75,1.0,0.4520423123725114,1.0,0.7000000000000001,0.1
69,53.0,1.0,1.0,0.75,1.0,0.7186614241766617,1.0,0.7000000000000001,0.1
70,53.0,0.0,1.0,0.75,1.0,0.5364057451163725,1.0,0.7000000000000001,0.1
71,53.0,1.0,1.0,0.75,1.0,0.5364057451163725,1.0,0.7000000000000001,0.1
72,53.0,1.0,1.0,0.75,1.0,0.7186614241766617,1.0,0.7000000000000001,0.1
73,53.0,0.0,0.0,-0.25,1.0,0.19202342200864145,1.0,0.7000000000000001,0.1
74,53.0,1.0,0.0,-0.25,1.0,0.3441249791940108,1.0,0.7000000000000001,0.1
75,53.0,1.0,1.0,0.75,1.0,0.7186614241766617,1.0,0.7000000000000001,0.1
76,53.0,1.0,1.0,0.25,1.0,0.983787589344649,1.0,0.7000000000000001,0.1
77,53.0,1.0,1.0,0.25,1.0,0.9925907066935423,1.0,0.7000000000000001,0.1
78,53.0,1.0,1.0,0.0,0.0,0.6373440305656088,0.0,0.7000000000000001,0.1
79,53.0,1.0,1.0,0.25,1.0,0.9256513570849298,1.0,0.7000000000000001,0.1
80,53.0,1.0,0.0,-0.25,1.0,0.3441249791940108,0.0,0.7000000000000001,0.1
81,53.0,1.0,1.0,0.75,1.0,0.8493845174105955,1.0,0.7000000000000001,0.1
82,53.0,1.0,1.0,0.25,1.0,0.983787589344649,1.0,0.7000000000000001,0.1
83,53.0,1.0,1.0,0.75,1.0,0.5364057451163725,1.0,0.7000000000000001,0.1
84,53.0,1.0,1.0,0.25,1.0,0.983787589344649,1.0,0.7000000000000001,0.1
85,53.0,1.0,1.0,0.25,1.0,0.983787589344649,1.0,0.7000000000000001,0.1
86,53.0,0.0,1.0,0.75,1.0,0.4520423123725114,0.0,0.7000000000000001,0.1
87,53.0,1.0,1.0,0.75,1.0,0.5364057451163725,1.0,0.7000000000000001,0.1
88,53.0,1.0,1.0,0.0,0.0,0.8954588671569645,1.0,0.7000000000000001,0.1
89,53.0,0.0,0.0,-0.25,1.0,0.19202342200864145,0.0,0.7000000000000001,0.1
0,55.0,0.0,1.0,0.0,0.0,0.5900314388830254,1.0,0.7000000000000001,0.1
1,55.0,0.0,1.0,0.0,0.0,0.5900314388830254,0.0,0.7000000000000001,0.1
2,55.0,0.0,0.0,0.0,1.0,0.25,0.0,0.7000000000000001,0.1
3,55.0,0.0,0.0,-0.25,1.0,0.12716140773540632,0.0,0.7000000000000001,0.1
4,55.0,0.0,1.0,0.0,0.0,0.5900314388830254,0.0,0.7000000000000001,0.1
5,55.0,1.0,1.0,0.75,1.0,0.6597628106708809,0.0,0.7000000000000001,0.1
6,55.0,1.0,0.0,-0.25,1.0,0.17678048421990578,0.0,0.7000000000000001,0.1
7,55.0,1.0,1.0,0.0,0.0,0.6997712246023411,1.0,0.7000000000000001,0.1
8,55.0,0.0,0.0,0.0,1.0,0.25,0.0,0.7000000000000001,0.1
9,55.0,1.0,1.0,0.0,0.0,0.6997712246023411,0.0,0.7000000000000001,0.1
10,55.0,1.0,1.0,0.75,1.0,0.568119761011064,1.0,0.7000000000000001,0.1
11,55.0,1.0,0.0,-0.25,1.0,0.17678048421990575,1.0,0.7000000000000001,0.1
12,55.0,0.0,1.0,0.75,1.0,0.45871473090333986,0.0,0.7000000000000001,0.1
13,55.0,0.0,0.0,0.0,1.0,0.25,0.0,0.7000000000000001,0.1
14,55.0,0.0,1.0,0.25,1.0,0.5894377036637659,0.0,0.7000000000000001,0.1
15,55.0,0.0,0.0,0.0,1.0,0.25,1.0,0.7000000000000001,0.1
16,55.0,0.0,0.0,-0.75,1.0,0.10756078412728462,0.0,0.7000000000000001,0.1
17,55.0,0.0,0.0,-0.25,1.0,0.12716140773540632,0.0,0.7000000000000001,0.1
18,55.0,1.0,1.0,0.25,1.0,0.701578526671489,1.0,0.7000000000000001,0.1
19,55.0,0.0,1.0,0.75,1.0,0.568119761011064,1.0,0.7000000000000001,0.1
20,55.0,0.0,1.0,0.0,0.0,0.5900314388830254,0.0,0.7000000000000001,0.1
21,55.0,0.0,1.0,0.0,0.0,0.5900314388830254,0.0,0.7000000000000001,0.1
22,55.0,1.0,0.0,-0.25,1.0,0.36326592641440303,0.0,0.7000000000000001,0.1
23,55.0,1.0,1.0,0.0,0.0,0.7017596896685857,1.0,0.7000000000000001,0.1
24,55.0,1.0,1.0,0.5,1.0,0.6902617324192499,0.0,0.7000000000000001,0.1
25,55.0,0.0,0.0,0.0,1.0,0.25,1.0,0.7000000000000001,0.1
26,55.0,0.0,0.0,0.0,1.0,0.25,0.0,0.7000000000000001,0.1
27,55.0,0.0,0.0,0.0,1.0,0.25,0.0,0.7000000000000001,0.1
28,55.0,1.0,1.0,0.0,1.0,0.7024935395234778,1.0,0.7000000000000001,0.1
29,55.0,0.0,0.0,-0.25,1.0,0.17678048421990578,1.0,0.7000000000000001,0.1
30,55.0,0.0,0.0,-0.25,1.0,0.17678048421990575,0.0,0.7000000000000001,0.1
31,55.0,1.0,1.0,0.0,0.0,0.5900314388830254,0.0,0.7000000000000001,0.1
32,55.0,1.0,1.0,0.0,1.0,0.7024935395234778,1.0,0.7000000000000001,0.1
33,55.0,1.0,1.0,0.25,1.0,0.699114024180329,1.0,0.7000000000000001,0.1
34,55.0,0.0,1.0,0.0,0.0,0.5900314388830254,0.0,0.7000000000000001,0.1
35,55.0,1.0,1.0,0.0,0.0,0.667649743745491,0.0,0.7000000000000001,0.1
36,55.0,1.0,1.0,0.0,0.0,0.7017596896685857,1.0,0.7000000000000001,0.1
37,55.0,0.0,1.0,0.0,0.0,0.5900314388830254,0.0,0.7000000000000001,0.1
38,55.0,0.0,1.0,0.75,1.0,0.5681197610110641,1.0,0.7000000000000001,0.1
39,55.0,1.0,1.0,0.75,1.0,0.6597628106708809,0.0,0.7000000000000001,0.1
40,55.0,1.0,1.0,0.25,1.0,0.701578526671489,1.0,0.7000000000000001,0.1
41,55.0,0.0,0.0,-0.25,1.0,0.17678048421990578,0.0,0.7000000000000001,0.1
42,55.0,0.0,0.0,0.0,1.0,0.25,0.0,0.7000000000000001,0.1
43,55.0,0.0,0.0,0.0,1.0,0.25,1.0,0.7000000000000001,0.1
44,55.0,0.0,0.0,0.0,1.0,0.25,1.0,0.7000000000000001,0.1
45,55.0,0.0,1.0,0.0,0.0,0.5900314388830254,0.0,0.7000000000000001,0.1
46,55.0,1.0,1.0,0.25,1.0,0.7022566179196619,1.0,0.7000000000000001,0.1
47,55.0,1.0,1.0,0.0,1.0,0.7024425839986096,1.0,0.7000000000000001,0.1
48,55.0,0.0,1.0,0.0,0.0,0.5900314388830254,0.0,0.7000000000000001,0.1
49,55.0,1.0,1.0,0.75,1.0,0.5681197610110641,0.0,0.7000000000000001,0.1
50,55.0,1.0,1.0,0.25,1.0,0.701578526671489,0.0,0.7000000000000001,0.1
51,55.0,0.0,1.0,1.0,1.0,0.28046165878437646,1.0,0.7000000000000001,0.1
52,55.0,0.0,1.0,0.75,1.0,0.5681197610110641,1.0,0.7000000000000001,0.1
53,55.0,0.0,0.0,0.0,1.0,0.25,0.0,0.7000000000000001,0.1
54,55.0,0.0,0.0,-0.25,1.0,0.17678048421990578,0.0,0.7000000000000001,0.1
55,55.0,1.0,0.0,0.0,1.0,0.25,0.0,0.7000000000000001,0.1
56,55.0,0.0,0.0,0.0,1.0,0.25,0.0,0.7000000000000001,0.1
57,55.0,0.0,0.0,0.0,1.0,0.25,0.0,0.7000000000000001,0.1
58,55.0,1.0,0.0,-0.25,1.0,0.5108861199886525,0.0,0.7000000000000001,0.1
59,55.0,1.0,1.0,0.0,1.0,0.7024935395234778,0.0,0.7000000000000001,0.1
60,55.0,0.0,0.0,0.0,1.0,0.17678048421990578,1.0,0.7000000000000001,0.1
61,55.0,1.0,1.0,0.0,0.0,0.6997712246023411,0.0,0.7000000000000001,0.1
62,55.0,0.0,0.0,-0.75,1.0,0.1015243327386672,0.0,0.7000000000000001,0.1
63,55.0,0.0,0.0,0.0,1.0,0.25,0.0,0.7000000000000001,0.1
64,55.0,1.0,1.0,0.0,1.0,0.7024425839986096,1.0,0.7000000000000001,0.1
65,55.0,1.0,1.0,0.25,1.0,0.701578526671489,1.0,0.7000000000000001,0.1
66,55.0,0.0,0.0,-0.25,1.0,0.17678048421990575,0.0,0.7000000000000001,0.1
67,55.0,0.0,0.0,-0.25,1.0,0.17678048421990575,1.0,0.7000000000000001,0.1
68,55.0,1.0,1.0,0.75,1.0,0.6902617324192499,0.0,0.7000000000000001,0.1
69,55.0,0.0,0.0,-0.25,1.0,0.17678048421990575,0.0,0.7000000000000001,0.1
70,55.0,0.0,0.0,0.0,1.0,0.25,0.0,0.7000000000000001,0.1
71,55.0,1.0,0.0,0.0,1.0,0.25,0.0,0.7000000000000001,0.1
72,55.0,0.0,0.0,0.0,1.0,0.25,1.0,0.7000000000000001,0.1
73,55.0,0.0,1.0,0.75,1.0,0.5681197610110641,1.0,0.7000000000000001,0.1
74,55.0,1.0,1.0,0.25,1.0,0.699114024180329,1.0,0.7000000000000001,0.1
75,55.0,0.0,0.0,-0.25,1.0,0.17678048421990575,0.0,0.7000000000000001,0.1
76,55.0,1.0,1.0,0.75,1.0,0.568119761011064,0.0,0.7000000000000001,0.1
77,55.0,1.0,0.0,-0.25,1.0,0.17678048421990575,0.0,0.7000000000000001,0.1
78,55.0,0.0,1.0,0.0,0.0,0.5900314388830254,0.0,0.7000000000000001,0.1
79,55.0,1.0,0.0,0.0,1.0,0.4696585473402827,1.0,0.7000000000000001,0.1
80,55.0,0.0,0.0,-0.25,1.0,0.13673407358559703,0.0,0.7000000000000001,0.1
81,55.0,0.0,0.0,0.0,1.0,0.25,1.0,0.7000000000000001,0.1
82,55.0,1.0,0.0,-0.25,1.0,0.17678048421990578,1.0,0.7000000000000001,0.1
83,55.0,0.0,0.0,0.0,1.0,0.25,0.0,0.7000000000000001,0.1
84,55.0,1.0,1.0,0.75,1.0,0.6902617324192499,1.0,0.7000000000000001,0.1
85,55.0,0.0,0.0,-0.25,1.0,0.17678048421990575,1.0,0.7000000000000001,0.1
86,55.0,1.0,1.0,0.75,1.0,0.6597628106708809,1.0,0.7000000000000001,0.1
87,55.0,1.0,0.0,0.0,1.0,0.4696585473402827,0.0,0.7000000000000001,0.1
88,55.0,1.0,1.0,0.0,0.0,0.5900314388830254,0.0,0.7000000000000001,0.1
89,55.0,1.0,0.0,-0.25,1.0,0.36326592641440303,1.0,0.7000000000000001,0.1
0,57.0,1.0,1.0,0.0,0.0,0.7653913889563592,1.0,0.7000000000000001,0.1
1,57.0,1.0,1.0,0.0,0.0,0.6970169104941468,1.0,0.7000000000000001,0.1
2,57.0,1.0,1.0,0.25,1.0,0.7679950087181888,1.0,0.7000000000000001,0.1
3,57.0,0.0,0.0,-0.25,1.0,0.20677172258535573,0.0,0.7000000000000001,0.1
4,57.0,0.0,1.0,0.0,0.0,0.4145091763219535,0.0,0.7000000000000001,0.1
5,57.0,1.0,1.0,0.75,1.0,0.6220720465937318,1.0,0.7000000000000001,0.1
6,57.0,1.0,1.0,0.0,1.0,0.8694036599549246,1.0,0.7000000000000001,0.1
7,57.0,1.0,1.0,0.0,0.0,0.697016910494147,0.0,0.7000000000000001,0.1
8,57.0,1.0,1.0,0.25,1.0,0.7679950087181888,0.0,0.7000000000000001,0.1
9,57.0,1.0,1.0,0.0,0.0,0.6970169104941468,0.0,0.7000000000000001,0.1
10,57.0,1.0,1.0,0.0,1.0,0.8694036599549246,1.0,0.7000000000000001,0.1
11,57.0,0.0,0.0,-0.25,1.0,0.22634032752182556,1.0,0.7000000000000001,0.1
12,57.0,0.0,1.0,0.75,1.0,0.365944294000886,0.0,0.7000000000000001,0.1
13,57.0,1.0,1.0,0.25,1.0,0.7679950087181888,0.0,0.7000000000000001,0.1
14,57.0,1.0,1.0,0.0,1.0,0.8694036599549246,1.0,0.7000000000000001,0.1
15,57.0,0.0,1.0,0.75,1.0,0.3362310067690228,0.0,0.7000000000000001,0.1
16,57.0,0.0,0.0,0.0,1.0,0.25,0.0,0.7000000000000001,0.1
17,57.0,1.0,1.0,0.25,1.0,0.6220720465937318,0.0,0.7000000000000001,0.1
18,57.0,1.0,1.0,0.0,1.0,0.7679950087181888,1.0,0.7000000000000001,0.1
19,57.0,0.0,1.0,0.25,1.0,0.5046339375642489,1.0,0.7000000000000001,0.1
20,57.0,1.0,1.0,0.0,0.0,0.5335646109468277,0.0,0.7000000000000001,0.1
21,57.0,1.0,1.0,0.0,0.0,0.5335646109468277,0.0,0.7000000000000001,0.1
22,57.0,1.0,1.0,0.0,1.0,0.8694036599549247,1.0,0.7000000000000001,0.1
23,57.0,0.0,1.0,0.0,0.0,0.41450917632195355,1.0,0.7000000000000001,0.1
24,57.0,1.0,1.0,0.75,1.0,0.6220720465937318,0.0,0.7000000000000001,0.1
25,57.0,0.0,0.0,-0.25,1.0,0.20677172258535573,0.0,0.7000000000000001,0.1
26,57.0,1.0,1.0,0.0,1.0,0.8243874309304597,0.0,0.7000000000000001,0.1
27,57.0,0.0,1.0,0.75,1.0,0.36594429400088596,0.0,0.7000000000000001,0.1
28,57.0,0.0,0.0,-0.25,1.0,0.20677172258535573,1.0,0.7000000000000001,0.1
29,57.0,1.0,0.0,-0.25,1.0,0.22634032752182556,0.0,0.7000000000000001,0.1
30,57.0,0.0,0.0,0.0,1.0,0.22634032752182556,0.0,0.7000000000000001,0.1
31,57.0,1.0,1.0,0.0,0.0,0.5335646109468277,1.0,0.7000000000000001,0.1
32,57.0,1.0,1.0,0.25,1.0,0.7679950087181888,1.0,0.7000000000000001,0.1
33,57.0,0.0,0.0,-0.25,1.0,0.20677172258535573,0.0,0.7000000000000001,0.1
34,57.0,0.0,1.0,0.0,0.0,0.41450917632195355,1.0,0.7000000000000001,0.1
35,57.0,1.0,1.0,0.0,0.0,0.6186440017787934,0.0,0.7000000000000001,0.1
36,57.0,1.0,1.0,0.0,0.0,0.5335646109468277,1.0,0.7000000000000001,0.1
37,57.0,1.0,1.0,0.0,0.0,0.5335646109468277,1.0,0.7000000000000001,0.1
38,57.0,1.0,1.0,0.0,1.0,0.8694036599549247,1.0,0.7000000000000001,0.1
39,57.0,1.0,1.0,0.0,1.0,0.8694036599549246,1.0,0.7000000000000001,0.1
40,57.0,1.0,1.0,0.0,1.0,0.8694036599549247,1.0,0.7000000000000001,0.1
41,57.0,0.0,0.0,-0.25,1.0,0.20677172258535573,0.0,0.7000000000000001,0.1
42,57.0,1.0,0.0,-0.5,1.0,0.2612031387402591,0.0,0.7000000000000001,0.1
43,57.0,0.0,0.0,-0.25,1.0,0.20677172258535573,0.0,0.7000000000000001,0.1
44,57.0,1.0,1.0,0.5,1.0,0.6220720465937318,0.0,0.7000000000000001,0.1
45,57.0,1.0,1.0,0.0,0.0,0.5335646109468277,1.0,0.7000000000000001,0.1
46,57.0,1.0,1.0,0.25,1.0,0.6220720465937318,0.0,0.7000000000000001,0.1
47,57.0,0.0,0.0,-0.75,1.0,0.17088278772127935,0.0,0.7000000000000001,0.1
48,57.0,0.0,1.0,0.0,0.0,0.33277811026142906,0.0,0.7000000000000001,0.1
49,57.0,1.0,1.0,0.75,1.0,0.5371852967255061,1.0,0.7000000000000001,0.1
50,57.0,1.0,1.0,0.0,1.0,0.82438743093046,1.0,0.7000000000000001,0.1
51,57.0,1.0,0.0,0.0,1.0,0.3209790174345233,1.0,0.7000000000000001,0.1
52,57.0,1.0,1.0,0.75,1.0,0.6220720465937318,1.0,0.7000000000000001,0.1
53,57.0,0.0,0.0,-0.25,1.0,0.22634032752182556,0.0,0.7000000000000001,0.1
54,57.0,0.0,1.0,0.75,1.0,0.365944294000886,0.0,0.7000000000000001,0.1
55,57.0,0.0,0.0,-0.25,1.0,0.19955776903795175,1.0,0.7000000000000001,0.1
56,57.0,1.0,1.0,0.25,1.0,0.7679950087181888,1.0,0.7000000000000001,0.1
57,57.0,0.0,0.0,-0.25,1.0,0.1995577690379517,0.0,0.7000000000000001,0.1
58,57.0,1.0,1.0,0.25,1.0,0.8243874309304597,1.0,0.7000000000000001,0.1
59,57.0,0.0,0.0,-0.25,1.0,0.1995577690379517,1.0,0.7000000000000001,0.1
60,57.0,0.0,0.0,0.0,1.0,0.25,1.0,0.7000000000000001,0.1
61,57.0,1.0,1.0,0.0,0.0,0.765391388956359,1.0,0.7000000000000001,0.1
62,57.0,1.0,0.0,-0.25,1.0,0.29322827741464425,0.0,0.7000000000000001,0.1
63,57.0,1.0,1.0,0.25,1.0,0.5371852967255061,1.0,0.7000000000000001,0.1
64,57.0,1.0,1.0,0.0,1.0,0.8694036599549246,1.0,0.7000000000000001,0.1
65,57.0,0.0,0.0,0.0,1.0,0.22634032752182556,0.0,0.7000000000000001,0.1
66,57.0,1.0,1.0,0.25,1.0,0.7679950087181889,0.0,0.7000000000000001,0.1
67,57.0,1.0,1.0,0.0,1.0,0.8694036599549246,0.0,0.7000000000000001,0.1
68,57.0,1.0,1.0,0.0,1.0,0.8694036599549246,1.0,0.7000000000000001,0.1
69,57.0,0.0,0.0,-0.25,1.0,0.1995577690379517,0.0,0.7000000000000001,0.1
70,57.0,0.0,0.0,-0.25,1.0,0.20677172258535573,0.0,0.7000000000000001,0.1
71,57.0,0.0,1.0,0.75,1.0,0.36594429400088596,0.0,0.7000000000000001,0.1
72,57.0,0.0,1.0,0.0,1.0,0.551789594546834,0.0,0.7000000000000001,0.1
73,57.0,0.0,0.0,-0.25,1.0,0.20677172258535573,1.0,0.7000000000000001,0.1
74,57.0,1.0,1.0,0.25,1.0,0.7679950087181888,1.0,0.7000000000000001,0.1
75,57.0,1.0,0.0,-0.25,1.0,0.29322827741464425,1.0,0.7000000000000001,0.1
76,57.0,1.0,0.0,-0.25,1.0,0.22634032752182556,0.0,0.7000000000000001,0.1
77,57.0,1.0,0.0,-0.75,1.0,0.22617308573378792,0.0,0.7000000000000001,0.1
78,57.0,1.0,1.0,0.0,0.0,0.5335646109468277,1.0,0.7000000000000001,0.1
79,57.0,0.0,0.0,-0.25,1.0,0.1995577690379517,0.0,0.7000000000000001,0.1
80,57.0,0.0,1.0,0.75,1.0,0.3362310067690228,0.0,0.7000000000000001,0.1
81,57.0,1.0,0.0,-0.25,1.0,0.37041886294239496,1.0,0.7000000000000001,0.1
82,57.0,0.0,1.0,0.25,1.0,0.5046339375642488,0.0,0.7000000000000001,0.1
83,57.0,1.0,1.0,0.75,1.0,0.45008687723761415,1.0,0.7000000000000001,0.1
84,57.0,0.0,0.0,-0.25,1.0,0.19955776903795175,1.0,0.7000000000000001,0.1
85,57.0,1.0,1.0,0.75,1.0,0.45008687723761415,1.0,0.7000000000000001,0.1
86,57.0,0.0,0.0,0.0,1.0,0.25,1.0,0.7000000000000001,0.1
87,57.0,1.0,1.0,1.0,1.0,0.2892577455368654,0.0,0.7000000000000001,0.1
88,57.0,1.0,1.0,0.0,0.0,0.765391388956359,1.0,0.7000000000000001,0.1
89,57.0,1.0,1.0,0.25,1.0,0.7000819954563895,0.0,0.7000000000000001,0.1
0,59.0,1.0,1.0,0.0,0.0,0.744037370564893,1.0,0.7000000000000001,0.1
1,59.0,0.0,1.0,0.0,0.0,0.3006750032209073,1.0,0.7000000000000001,0.1
2,59.0,0.0,1.0,0.75,1.0,0.25879487884742935,0.0,0.7000000000000001,0.1
3,59.0,1.0,0.0,-0.25,1.0,0.30272267523627155,1.0,0.7000000000000001,0.1
4,59.0,1.0,1.0,0.0,0.0,0.744037370564893,1.0,0.7000000000000001,0.1
5,59.0,1.0,1.0,0.75,1.0,0.5006226275013927,0.0,0.7000000000000001,0.1
6,59.0,1.0,0.0,-0.25,1.0,0.30272267523627155,1.0,0.7000000000000001,0.1
7,59.0,1.0,1.0,0.0,0.0,0.5524677649594084,0.0,0.7000000000000001,0.1
8,59.0,0.0,0.0,-0.25,1.0,0.11703282067634009,0.0,0.7000000000000001,0.1
9,59.0,1.0,1.0,0.0,0.0,0.7440373705648932,0.0,0.7000000000000001,0.1
10,59.0,0.0,0.0,-0.25,1.0,0.19727732476372842,0.0,0.7000000000000001,0.1
11,59.0,0.0,0.0,-0.25,1.0,0.18675182894459402,0.0,0.7000000000000001,0.1
12,59.0,0.0,0.0,-0.25,1.0,0.19727732476372842,1.0,0.7000000000000001,0.1
13,59.0,1.0,1.0,0.75,1.0,0.7024315758994305,1.0,0.7000000000000001,0.1
14,59.0,1.0,0.0,-0.25,1.0,0.30272267523627155,0.0,0.7000000000000001,0.1
15,59.0,0.0,1.0,0.75,1.0,0.3567090651241953,0.0,0.7000000000000001,0.1
16,59.0,1.0,1.0,0.75,1.0,0.7024315758994305,0.0,0.7000000000000001,0.1
17,59.0,0.0,0.0,-0.25,1.0,0.18675182894459402,0.0,0.7000000000000001,0.1
18,59.0,0.0,0.0,-0.25,1.0,0.19727732476372842,0.0,0.7000000000000001,0.1
19,59.0,1.0,1.0,0.25,1.0,0.8475246639592818,1.0,0.7000000000000001,0.1
20,59.0,0.0,1.0,0.0,0.0,0.4057602057333036,0.0,0.7000000000000001,0.1
21,59.0,1.0,1.0,0.0,0.0,0.5524677649594084,0.0,0.7000000000000001,0.1
22,59.0,0.0,0.0,-0.25,1.0,0.1170328206763401,0.0,0.7000000000000001,0.1
23,59.0,1.0,1.0,0.0,0.0,0.5524677649594084,1.0,0.7000000000000001,0.1
24,59.0,0.0,0.0,-0.25,1.0,0.11703282067634009,1.0,0.7000000000000001,0.1
25,59.0,0.0,1.0,0.75,1.0,0.3567090651241953,1.0,0.7000000000000001,0.1
26,59.0,1.0,1.0,0.0,1.0,0.8950620416042294,1.0,0.7000000000000001,0.1
27,59.0,1.0,1.0,0.75,1.0,0.5006226275013927,0.0,0.7000000000000001,0.1
28,59.0,0.0,0.0,-0.25,1.0,0.19727732476372842,1.0,0.7000000000000001,0.1
29,59.0,1.0,1.0,0.75,1.0,0.5006226275013927,0.0,0.7000000000000001,0.1
30,59.0,0.0,0.0,-0.25,1.0,0.19727732476372842,0.0,0.7000000000000001,0.1
31,59.0,1.0,1.0,0.0,0.0,0.5524677649594084,0.0,0.7000000000000001,0.1
32,59.0,1.0,1.0,0.0,1.0,0.8950620416042294,1.0,0.7000000000000001,0.1
33,59.0,0.0,0.0,-0.25,1.0,0.18675182894459402,0.0,0.7000000000000001,0.1
34,59.0,1.0,1.0,0.0,0.0,0.744037370564893,1.0,0.7000000000000001,0.1
35,59.0,0.0,1.0,0.0,0.0,0.4057602057333036,0.0,0.7000000000000001,0.1
36,59.0,0.0,1.0,0.0,0.0,0.4057602057333036,1.0,0.7000000000000001,0.1
37,59.0,1.0,1.0,0.0,0.0,0.744037370564893,0.0,0.7000000000000001,0.1
38,59.0,1.0,1.0,0.25,1.0,0.8475246639592818,1.0,0.7000000000000001,0.1
39,59.0,1.0,1.0,0.0,1.0,0.8950620416042294,1.0,0.7000000000000001,0.1
40,59.0,0.0,0.0,-0.25,1.0,0.19727732476372842,0.0,0.7000000000000001,0.1
41,59.0,0.0,0.0,-0.25,1.0,0.13990323498721427,0.0,0.7000000000000001,0.1
42,59.0,1.0,1.0,0.75,1.0,0.5006226275013927,1.0,0.7000000000000001,0.1
43,59.0,1.0,1.0,0.75,1.0,0.7024315758994306,1.0,0.7000000000000001,0.1
44,59.0,0.0,0.0,-0.75,1.0,0.13990323498721427,0.0,0.7000000000000001,0.1
45,59.0,0.0,1.0,0.0,0.0,0.4057602057333036,0.0,0.7000000000000001,0.1
46,59.0,1.0,1.0,0.0,1.0,0.9290198850787008,1.0,0.7000000000000001,0.1
47,59.0,1.0,0.0,-0.25,1.0,0.30272267523627155,0.0,0.7000000000000001,0.1
48,59.0,1.0,1.0,0.0,0.0,0.744037370564893,0.0,0.7000000000000001,0.1
49,59.0,1.0,0.0,-0.25,1.0,0.5055115759780827,0.0,0.7000000000000001,0.1
50,59.0,1.0,1.0,0.25,1.0,0.8475246639592818,1.0,0.7000000000000001,0.1
51,59.0,1.0,1.0,0.75,1.0,0.7024315758994305,1.0,0.7000000000000001,0.1
52,59.0,0.0,0.0,-0.25,1.0,0.1399032349872143,0.0,0.7000000000000001,0.1
53,59.0,1.0,0.0,-0.25,1.0,0.30272267523627155,0.0,0.7000000000000001,0.1
54,59.0,0.0,1.0,0.25,1.0,0.45119877076276677,1.0,0.7000000000000001,0.1
55,59.0,0.0,0.0,-0.25,1.0,0.18675182894459402,0.0,0.7000000000000001,0.1
56,59.0,0.0,0.0,-0.25,1.0,0.19727732476372842,0.0,0.7000000000000001,0.1
57,59.0,1.0,1.0,0.0,1.0,0.8950620416042294,1.0,0.7000000000000001,0.1
58,59.0,1.0,1.0,0.75,1.0,0.7024315758994306,0.0,0.7000000000000001,0.1
59,59.0,1.0,1.0,0.75,1.0,0.7024315758994306,1.0,0.7000000000000001,0.1
60,59.0,0.0,1.0,0.75,1.0,0.3567090651241953,0.0,0.7000000000000001,0.1
61,59.0,1.0,1.0,0.0,0.0,0.5524677649594084,0.0,0.7000000000000001,0.1
62,59.0,0.0,0.0,-0.25,1.0,0.18675182894459402,1.0,0.7000000000000001,0.1
63,59.0,0.0,0.0,-0.25,1.0,0.19727732476372842,0.0,0.7000000000000001,0.1
64,59.0,0.0,0.0,-0.25,1.0,0.19727732476372842,0.0,0.7000000000000001,0.1
65,59.0,0.0,0.0,-0.25,1.0,0.19727732476372842,1.0,0.7000000000000001,0.1
66,59.0,1.0,1.0,0.25,1.0,0.8475246639592818,1.0,0.7000000000000001,0.1
67,59.0,0.0,0.0,-0.25,1.0,0.18675182894459402,0.0,0.7000000000000001,0.1
68,59.0,1.0,1.0,0.75,1.0,0.7024315758994305,1.0,0.7000000000000001,0.1
69,59.0,1.0,1.0,0.75,1.0,0.7024315758994306,1.0,0.7000000000000001,0.1
70,59.0,1.0,0.0,-0.25,1.0,0.30272267523627155,0.0,0.7000000000000001,0.1
71,59.0,0.0,1.0,0.75,1.0,0.3567090651241953,0.0,0.7000000000000001,0.1
72,59.0,0.0,0.0,-0.25,1.0,0.19727732476372842,1.0,0.7000000000000001,0.1
73,59.0,0.0,1.0,0.75,1.0,0.3567090651241953,0.0,0.7000000000000001,0.1
74,59.0,1.0,1.0,0.25,1.0,0.8475246639592818,1.0,0.7000000000000001,0.1
75,59.0,1.0,1.0,0.75,1.0,0.5006226275013927,1.0,0.7000000000000001,0.1
76,59.0,1.0,0.0,-0.25,1.0,0.30272267523627155,1.0,0.7000000000000001,0.1
77,59.0,1.0,1.0,0.25,1.0,0.8475246639592818,1.0,0.7000000000000001,0.1
78,59.0,0.0,1.0,0.0,0.0,0.4057602057333036,0.0,0.7000000000000001,0.1
79,59.0,0.0,0.0,-0.25,1.0,0.18675182894459402,0.0,0.7000000000000001,0.1
80,59.0,1.0,1.0,0.75,1.0,0.5006226275013927,0.0,0.7000000000000001,0.1
81,59.0,1.0,0.0,-0.25,1.0,0.30272267523627155,0.0,0.7000000000000001,0.1
82,59.0,1.0,1.0,0.25,1.0,0.8475246639592818,1.0,0.7000000000000001,0.1
83,59.0,1.0,0.0,-0.25,1.0,0.30272267523627155,1.0,0.7000000000000001,0.1
84,59.0,1.0,1.0,0.75,1.0,0.7024315758994306,0.0,0.7000000000000001,0.1
85,59.0,0.0,0.0,-0.25,1.0,0.19727732476372842,1.0,0.7000000000000001,0.1
86,59.0,1.0,1.0,0.75,1.0,0.5006226275013927,1.0,0.7000000000000001,0.1
87,59.0,1.0,1.0,0.25,1.0,0.8475246639592818,1.0,0.7000000000000001,0.1
88,59.0,0.0,1.0,0.0,0.0,0.3006750032209073,1.0,0.7000000000000001,0.1
89,59.0,0.0,0.0,-0.25,1.0,0.18675182894459402,0.0,0.7000000000000001,0.1
0,62.0,0.0,1.0,0.0,0.0,0.514065717873865,1.0,0.7000000000000001,0.1
1,62.0,1.0,1.0,0.0,0.0,0.7688935501045161,0.0,0.7000000000000001,0.1
2,62.0,1.0,1.0,0.75,1.0,0.7206026045332551,1.0,0.7000000000000001,0.1
3,62.0,0.0,0.0,-0.25,1.0,0.1802841755746683,0.0,0.7000000000000001,0.1
4,62.0,0.0,1.0,0.0,0.0,0.5140657178738649,0.0,0.7000000000000001,0.1
5,62.0,1.0,0.0,-0.25,1.0,0.4545805836934035,1.0,0.7000000000000001,0.1
6,62.0,0.0,0.0,-0.25,1.0,0.2094943130709941,0.0,0.7000000000000001,0.1
7,62.0,1.0,1.0,0.0,0.0,0.7688935501045162,1.0,0.7000000000000001,0.1
8,62.0,1.0,1.0,0.75,1.0,0.7206026045332551,1.0,0.7000000000000001,0.1
9,62.0,1.0,1.0,0.0,0.0,0.7688935501045161,0.0,0.7000000000000001,0.1
10,62.0,1.0,1.0,0.25,1.0,0.8902452909657411,1.0,0.7000000000000001,0.1
11,62.0,1.0,0.0,-0.25,1.0,0.4545805836934035,1.0,0.7000000000000001,0.1
12,62.0,0.0,1.0,0.75,1.0,0.3946738520879252,1.0,0.7000000000000001,0.1
13,62.0,1.0,1.0,0.25,1.0,0.8902452909657411,1.0,0.7000000000000001,0.1
14,62.0,1.0,1.0,0.75,1.0,0.7206026045332551,1.0,0.7000000000000001,0.1
15,62.0,0.0,1.0,0.75,1.0,0.3946738520879252,1.0,0.7000000000000001,0.1
16,62.0,1.0,1.0,0.75,1.0,0.8205901438238142,1.0,0.7000000000000001,0.1
17,62.0,1.0,1.0,0.75,1.0,0.592559044714076,1.0,0.7000000000000001,0.1
18,62.0,1.0,1.0,0.75,1.0,0.7206026045332551,1.0,0.7000000000000001,0.1
19,62.0,1.0,1.0,0.25,1.0,0.9349992712216512,1.0,0.7000000000000001,0.1
20,62.0,1.0,1.0,0.0,0.0,0.7688935501045162,1.0,0.7000000000000001,0.1
21,62.0,1.0,1.0,0.0,0.0,0.7688935501045162,1.0,0.7000000000000001,0.1
22,62.0,0.0,1.0,0.75,1.0,0.4505759983766592,1.0,0.7000000000000001,0.1
23,62.0,1.0,1.0,0.0,0.0,0.8550749359754867,1.0,0.7000000000000001,0.1
24,62.0,1.0,1.0,0.25,1.0,0.8902452909657411,1.0,0.7000000000000001,0.1
25,62.0,1.0,0.0,-0.75,1.0,0.18965534152102548,1.0,0.7000000000000001,0.1
26,62.0,1.0,1.0,0.5,1.0,0.7206026045332551,1.0,0.7000000000000001,0.1
27,62.0,0.0,1.0,0.75,1.0,0.4505759983766592,0.0,0.7000000000000001,0.1
28,62.0,1.0,0.0,-0.25,1.0,0.4545805836934035,1.0,0.7000000000000001,0.1
29,62.0,1.0,1.0,0.25,1.0,0.8902452909657411,1.0,0.7000000000000001,0.1
30,62.0,1.0,1.0,0.75,1.0,0.592559044714076,0.0,0.7000000000000001,0.1
31,62.0,1.0,1.0,0.0,0.0,0.6523025796490095,0.0,0.7000000000000001,0.1
32,62.0,1.0,1.0,0.5,1.0,0.8902452909657411,1.0,0.7000000000000001,0.1
33,62.0,1.0,0.0,-0.25,1.0,0.3197158244253317,0.0,0.7000000000000001,0.1
34,62.0,1.0,1.0,0.0,0.0,0.7688935501045162,1.0,0.7000000000000001,0.1
35,62.0,0.0,1.0,0.0,0.0,0.5140657178738649,0.0,0.7000000000000001,0.1
36,62.0,1.0,1.0,0.0,0.0,0.8550749359754867,1.0,0.7000000000000001,0.1
37,62.0,1.0,1.0,0.0,0.0,0.7688935501045162,0.0,0.7000000000000001,0.1
38,62.0,1.0,1.0,0.25,1.0,0.934999271221651,1.0,0.7000000000000001,0.1
39,62.0,0.0,1.0,0.5,1.0,0.592559044714076,1.0,0.7000000000000001,0.1
40,62.0,1.0,1.0,0.75,1.0,0.8205901438238142,1.0,0.7000000000000001,0.1
41,62.0,0.0,1.0,0.75,1.0,0.4505759983766592,0.0,0.7000000000000001,0.1
42,62.0,1.0,1.0,0.75,1.0,0.592559044714076,1.0,0.7000000000000001,0.1
43,62.0,1.0,1.0,0.75,1.0,0.7206026045332551,1.0,0.7000000000000001,0.1
44,62.0,1.0,1.0,0.75,1.0,0.592559044714076,1.0,0.7000000000000001,0.1
45,62.0,0.0,1.0,0.0,0.0,0.4568361458418236,0.0,0.7000000000000001,0.1
46,62.0,1.0,1.0,0.75,1.0,0.8205901438238142,0.0,0.7000000000000001,0.1
47,62.0,1.0,1.0,0.75,1.0,0.7206026045332551,1.0,0.7000000000000001,0.1
48,62.0,0.0,1.0,0.0,0.0,0.514065717873865,0.0,0.7000000000000001,0.1
49,62.0,1.0,1.0,0.75,1.0,0.7206026045332551,1.0,0.7000000000000001,0.1
50,62.0,1.0,1.0,0.75,1.0,0.8205901438238142,1.0,0.7000000000000001,0.1
51,62.0,1.0,1.0,0.5,1.0,0.8205901438238142,1.0,0.7000000000000001,0.1
52,62.0,1.0,1.0,0.75,1.0,0.7206026045332551,1.0,0.7000000000000001,0.1
53,62.0,0.0,0.0,-0.25,1.0,0.2094943130709941,0.0,0.7000000000000001,0.1
54,62.0,1.0,1.0,0.75,1.0,0.7206026045332551,1.0,0.7000000000000001,0.1
55,62.0,1.0,1.0,0.25,1.0,0.8902452909657411,1.0,0.7000000000000001,0.1
56,62.0,1.0,0.0,-0.25,1.0,0.3197158244253317,0.0,0.7000000000000001,0.1
57,62.0,1.0,1.0,0.25,1.0,0.8902452909657411,1.0,0.7000000000000001,0.1
58,62.0,0.0,1.0,0.75,1.0,0.3946738520879252,1.0,0.7000000000000001,0.1
59,62.0,0.0,1.0,0.75,1.0,0.3946738520879252,0.0,0.7000000000000001,0.1
60,62.0,1.0,1.0,0.5,1.0,0.8205901438238142,1.0,0.7000000000000001,0.1
61,62.0,1.0,1.0,0.0,0.0,0.8550749359754867,1.0,0.7000000000000001,0.1
62,62.0,1.0,1.0,0.5,1.0,0.8205901438238142,0.0,0.7000000000000001,0.1
63,62.0,1.0,1.0,0.75,1.0,0.592559044714076,0.0,0.7000000000000001,0.1
64,62.0,1.0,1.0,0.75,1.0,0.592559044714076,0.0,0.7000000000000001,0.1
65,62.0,1.0,1.0,0.75,1.0,0.7206026045332551,0.0,0.7000000000000001,0.1
66,62.0,1.0,1.0,0.25,1.0,0.934999271221651,1.0,0.7000000000000001,0.1
67,62.0,1.0,1.0,0.75,1.0,0.592559044714076,0.0,0.7000000000000001,0.1
68,62.0,1.0,1.0,0.75,1.0,0.592559044714076,1.0,0.7000000000000001,0.1
69,62.0,0.0,1.0,0.75,1.0,0.4505759983766592,1.0,0.7000000000000001,0.1
70,62.0,1.0,1.0,0.5,1.0,0.8205901438238142,1.0,0.7000000000000001,0.1
71,62.0,0.0,0.0,-0.25,1.0,0.2094943130709941,1.0,0.7000000000000001,0.1
72,62.0,1.0,1.0,0.75,1.0,0.7206026045332551,1.0,0.7000000000000001,0.1
73,62.0,0.0,1.0,0.75,1.0,0.4505759983766592,1.0,0.7000000000000001,0.1
74,62.0,1.0,1.0,0.75,1.0,0.7206026045332551,1.0,0.7000000000000001,0.1
75,62.0,0.0,0.0,-0.25,1.0,0.2094943130709941,0.0,0.7000000000000001,0.1
76,62.0,1.0,1.0,0.75,1.0,0.7206026045332551,0.0,0.7000000000000001,0.1
77,62.0,1.0,0.0,-0.25,1.0,0.5964556090338439,0.0,0.7000000000000001,0.1
78,62.0,1.0,1.0,0.0,0.0,0.6523025796490095,0.0,0.7000000000000001,0.1
79,62.0,0.0,1.0,0.75,1.0,0.4505759983766592,1.0,0.7000000000000001,0.1
80,62.0,1.0,0.0,-0.5,1.0,0.25633290410546494,0.0,0.7000000000000001,0.1
81,62.0,0.0,1.0,0.5,1.0,0.592559044714076,1.0,0.7000000000000001,0.1
82,62.0,1.0,1.0,0.75,1.0,0.7206026045332551,1.0,0.7000000000000001,0.1
83,62.0,1.0,1.0,0.5,1.0,0.8902452909657411,1.0,0.7000000000000001,0.1
84,62.0,1.0,0.0,-0.25,1.0,0.3197158244253317,0.0,0.7000000000000001,0.1
85,62.0,1.0,1.0,0.75,1.0,0.7206026045332551,1.0,0.7000000000000001,0.1
86,62.0,1.0,1.0,0.75,1.0,0.592559044714076,1.0,0.7000000000000001,0.1
87,62.0,1.0,1.0,0.75,1.0,0.7206026045332551,0.0,0.7000000000000001,0.1
88,62.0,1.0,1.0,0.0,0.0,0.8550749359754867,1.0,0.7000000000000001,0.1
89,62.0,1.0,1.0,0.25,1.0,0.8902452909657411,1.0,0.7000000000000001,0.1
0,64.0,1.0,1.0,0.0,0.0,0.6144227854658263,1.0,0.7000000000000001,0.1
1,64.0,0.0,1.0,0.0,0.0,0.5437023054776979,0.0,0.7000000000000001,0.1
2,64.0,1.0,0.0,-0.5,1.0,0.25470032329354425,0.0,0.7000000000000001,0.1
3,64.0,0.0,1.0,0.25,1.0,0.6996801619643475,1.0,0.7000000000000001,0.1
4,64.0,0.0,1.0,0.0,0.0,0.5437023054776979,0.0,0.7000000000000001,0.1
5,64.0,0.0,0.0,-0.25,1.0,0.16600093438328653,0.0,0.7000000000000001,0.1
6,64.0,0.0,1.0,0.75,1.0,0.42381621412220255,0.0,0.7000000000000001,0.1
7,64.0,1.0,1.0,0.0,0.0,0.8534189473465891,1.0,0.7000000000000001,0.1
8,64.0,1.0,1.0,0.25,1.0,0.859940733392839,1.0,0.7000000000000001,0.1
9,64.0,1.0,1.0,0.0,0.0,0.8113298852909446,1.0,0.7000000000000001,0.1
10,64.0,0.0,0.0,-0.25,1.0,0.19951990568167804,0.0,0.7000000000000001,0.1
11,64.0,0.0,0.0,-0.5,1.0,0.10003300047465576,0.0,0.7000000000000001,0.1
12,64.0,1.0,0.0,-0.25,1.0,0.33399906561671344,1.0,0.7000000000000001,0.1
13,64.0,1.0,1.0,0.75,1.0,0.6470340888821957,1.0,0.7000000000000001,0.1
14,64.0,0.0,0.0,-0.5,1.0,0.10230030462828762,1.0,0.7000000000000001,0.1
15,64.0,0.0,0.0,-0.5,1.0,0.1265886525053134,0.0,0.7000000000000001,0.1
16,64.0,1.0,1.0,0.5,1.0,0.7570292181749583,0.0,0.7000000000000001,0.1
17,64.0,0.0,0.0,-0.5,1.0,0.1265886525053134,0.0,0.7000000000000001,0.1
18,64.0,0.0,0.0,0.0,1.0,0.14518906637935605,0.0,0.7000000000000001,0.1
19,64.0,1.0,1.0,0.25,1.0,0.8783151953702708,1.0,0.7000000000000001,0.1
20,64.0,1.0,1.0,0.0,0.0,0.8113298852909446,0.0,0.7000000000000001,0.1
21,64.0,1.0,1.0,0.0,0.0,0.7352629961530163,0.0,0.7000000000000001,0.1
22,64.0,0.0,1.0,0.5,1.0,0.6470340888821957,0.0,0.7000000000000001,0.1
23,64.0,1.0,1.0,0.0,0.0,0.8534189473465891,1.0,0.7000000000000001,0.1
24,64.0,0.0,0.0,-0.25,1.0,0.16600093438328653,0.0,0.7000000000000001,0.1
25,64.0,0.0,1.0,0.75,1.0,0.49588973988734864,1.0,0.7000000000000001,0.1
26,64.0,1.0,1.0,0.0,1.0,0.88735370654363,1.0,0.7000000000000001,0.1
27,64.0,0.0,1.0,0.5,1.0,0.5781886759726198,1.0,0.7000000000000001,0.1
28,64.0,1.0,1.0,1.0,1.0,0.7570292181749583,1.0,0.7000000000000001,0.1
29,64.0,0.0,0.0,-0.5,1.0,0.10003300047465576,0.0,0.7000000000000001,0.1
30,64.0,0.0,1.0,0.75,1.0,0.42381621412220255,1.0,0.7000000000000001,0.1
31,64.0,1.0,1.0,0.0,0.0,0.8113298852909445,1.0,0.7000000000000001,0.1
32,64.0,1.0,1.0,0.25,1.0,0.8783151953702708,1.0,0.7000000000000001,0.1
33,64.0,0.0,0.0,-0.5,1.0,0.10003300047465576,0.0,0.7000000000000001,0.1
34,64.0,0.0,1.0,0.0,0.0,0.4481150904503689,1.0,0.7000000000000001,0.1
35,64.0,0.0,1.0,0.0,0.0,0.6144227854658263,1.0,0.7000000000000001,0.1
36,64.0,1.0,1.0,0.0,0.0,0.8534189473465893,1.0,0.7000000000000001,0.1
37,64.0,1.0,1.0,0.0,0.0,0.7352629961530163,1.0,0.7000000000000001,0.1
38,64.0,1.0,0.0,-0.25,1.0,0.6355591964060912,1.0,0.7000000000000001,0.1
39,64.0,1.0,0.0,-0.5,1.0,0.3976996953717124,1.0,0.7000000000000001,0.1
40,64.0,1.0,1.0,0.25,1.0,0.8599407333928389,1.0,0.7000000000000001,0.1
41,64.0,0.0,0.0,-0.25,1.0,0.14518906637935605,0.0,0.7000000000000001,0.1
42,64.0,0.0,0.0,-0.5,1.0,0.14518906637935605,0.0,0.7000000000000001,0.1
43,64.0,0.0,0.0,-0.25,1.0,0.14518906637935605,0.0,0.7000000000000001,0.1
44,64.0,1.0,0.0,-0.25,1.0,0.49212237169582895,1.0,0.7000000000000001,0.1
45,64.0,0.0,1.0,0.0,0.0,0.5437023054776979,1.0,0.7000000000000001,0.1
46,64.0,1.0,1.0,0.25,1.0,0.8599407333928389,0.0,0.7000000000000001,0.1
47,64.0,1.0,0.0,-0.5,1.0,0.25470032329354425,0.0,0.7000000000000001,0.1
48,64.0,1.0,1.0,0.0,0.0,0.6144227854658263,1.0,0.7000000000000001,0.1
49,64.0,0.0,0.0,-0.5,1.0,0.06989157821505043,0.0,0.7000000000000001,0.1
50,64.0,1.0,1.0,0.5,1.0,0.823789233095827,1.0,0.7000000000000001,0.1
51,64.0,1.0,0.0,-0.5,1.0,0.3976996953717124,1.0,0.7000000000000001,0.1
52,64.0,0.0,1.0,0.25,1.0,0.6996801619643475,0.0,0.7000000000000001,0.1
53,64.0,1.0,1.0,0.25,1.0,0.859940733392839,1.0,0.7000000000000001,0.1
54,64.0,0.0,1.0,0.25,1.0,0.6996801619643475,1.0,0.7000000000000001,0.1
55,64.0,0.0,0.0,-0.5,1.0,0.07761400865063506,0.0,0.7000000000000001,0.1
56,64.0,0.0,0.0,-0.25,1.0,0.19951990568167804,1.0,0.7000000000000001,0.1
57,64.0,0.0,0.0,-0.75,1.0,0.06989157821505043,0.0,0.7000000000000001,0.1
58,64.0,1.0,1.0,0.75,1.0,0.8237892330958272,0.0,0.7000000000000001,0.1
59,64.0,1.0,0.0,-0.5,1.0,0.5430420151381075,1.0,0.7000000000000001,0.1
60,64.0,0.0,0.0,-0.25,1.0,0.10003300047465576,0.0,0.7000000000000001,0.1
61,64.0,1.0,1.0,0.0,0.0,0.8113298852909446,0.0,0.7000000000000001,0.1
62,64.0,0.0,0.0,-0.5,1.0,0.06989157821505042,0.0,0.7000000000000001,0.1
63,64.0,0.0,0.0,0.0,1.0,0.19951990568167804,0.0,0.7000000000000001,0.1
64,64.0,1.0,1.0,1.0,1.0,0.49588973988734864,0.0,0.7000000000000001,0.1
65,64.0,0.0,0.0,-0.25,1.0,0.14518906637935605,1.0,0.7000000000000001,0.1
66,64.0,0.0,0.0,-0.5,1.0,0.10230030462828762,0.0,0.7000000000000001,0.1
67,64.0,0.0,0.0,-0.5,1.0,0.14518906637935605,0.0,0.7000000000000001,0.1
68,64.0,1.0,1.0,0.25,1.0,0.8783151953702708,1.0,0.7000000000000001,0.1
69,64.0,1.0,1.0,0.75,1.0,0.6470340888821957,1.0,0.7000000000000001,0.1
70,64.0,1.0,1.0,0.25,1.0,0.8783151953702708,1.0,0.7000000000000001,0.1
71,64.0,0.0,1.0,0.5,1.0,0.5781886759726198,0.0,0.7000000000000001,0.1
72,64.0,0.0,0.0,-0.25,1.0,0.16600093438328653,0.0,0.7000000000000001,0.1
73,64.0,1.0,0.0,-0.5,1.0,0.25470032329354425,1.0,0.7000000000000001,0.1
74,64.0,1.0,1.0,0.25,1.0,0.8783151953702708,1.0,0.7000000000000001,0.1
75,64.0,0.0,0.0,-0.25,1.0,0.14518906637935605,0.0,0.7000000000000001,0.1
76,64.0,1.0,1.0,0.5,1.0,0.8237892330958272,1.0,0.7000000000000001,0.1
77,64.0,1.0,0.0,0.0,1.0,0.5644328008619318,1.0,0.7000000000000001,0.1
78,64.0,1.0,1.0,0.0,0.0,0.8113298852909446,0.0,0.7000000000000001,0.1
79,64.0,0.0,1.0,0.75,1.0,0.42381621412220255,0.0,0.7000000000000001,0.1
80,64.0,0.0,0.0,-0.5,1.0,0.06989157821505042,0.0,0.7000000000000001,0.1
81,64.0,0.0,0.0,-0.25,1.0,0.10003300047465576,1.0,0.7000000000000001,0.1
82,64.0,0.0,0.0,-0.25,1.0,0.14518906637935605,1.0,0.7000000000000001,0.1
83,64.0,1.0,1.0,0.5,1.0,0.8237892330958271,0.0,0.7000000000000001,0.1
84,64.0,0.0,1.0,0.25,1.0,0.6135429247282529,1.0,0.7000000000000001,0.1
85,64.0,0.0,1.0,0.5,1.0,0.48295567442570386,1.0,0.7000000000000001,0.1
86,64.0,1.0,1.0,0.75,1.0,0.6470340888821957,1.0,0.7000000000000001,0.1
87,64.0,1.0,1.0,0.5,1.0,0.6470340888821957,0.0,0.7000000000000001,0.1
88,64.0,0.0,1.0,0.0,0.0,0.5437023054776979,1.0,0.7000000000000001,0.1
89,64.0,0.0,0.0,-0.5,1.0,0.06989157821505042,0.0,0.7000000000000001,0.1
0,67.0,1.0,1.0,0.0,0.0,0.885530909709374,1.0,0.7000000000000001,0.1
1,67.0,1.0,1.0,0.0,0.0,0.885530909709374,1.0,0.7000000000000001,0.1
2,67.0,1.0,0.0,-0.25,1.0,0.3171453953693118,1.0,0.7000000000000001,0.1
3,67.0,1.0,1.0,0.5,1.0,0.805139513449631,0.0,0.7000000000000001,0.1
4,67.0,1.0,1.0,0.0,0.0,0.8168595054428072,1.0,0.7000000000000001,0.1
5,67.0,0.0,0.0,-0.25,1.0,0.12169238919990354,0.0,0.7000000000000001,0.1
6,67.0,0.0,0.0,-0.5,1.0,0.14831071297603118,1.0,0.7000000000000001,0.1
7,67.0,1.0,1.0,0.0,0.0,0.9306393121402805,1.0,0.7000000000000001,0.1
8,67.0,0.0,1.0,0.75,1.0,0.38882507940331773,1.0,0.7000000000000001,0.1
9,67.0,1.0,1.0,0.0,0.0,0.885530909709374,1.0,0.7000000000000001,0.1
10,67.0,1.0,0.0,-0.5,1.0,0.3752553617108171,1.0,0.7000000000000001,0.1
11,67.0,0.0,1.0,0.75,1.0,0.32175084570087037,1.0,0.7000000000000001,0.1
12,67.0,1.0,1.0,0.0,1.0,0.9556694794507218,1.0,0.7000000000000001,0.1
13,67.0,1.0,1.0,0.0,1.0,0.9556694794507218,1.0,0.7000000000000001,0.1
14,67.0,1.0,1.0,0.0,1.0,0.9556694794507219,1.0,0.7000000000000001,0.1
15,67.0,1.0,1.0,0.75,1.0,0.57868895012339,1.0,0.7000000000000001,0.1
16,67.0,1.0,1.0,0.25,1.0,0.925536860437246,1.0,0.7000000000000001,0.1
17,67.0,0.0,0.0,-0.5,1.0,0.14831071297603118,0.0,0.7000000000000001,0.1
18,67.0,1.0,1.0,0.25,1.0,0.9255368604372458,1.0,0.7000000000000001,0.1
19,67.0,0.0,0.0,-0.25,1.0,0.16643952380303303,1.0,0.7000000000000001,0.1
20,67.0,1.0,1.0,0.0,0.0,0.7200167157222517,1.0,0.7000000000000001,0.1
21,67.0,0.0,1.0,0.0,0.0,0.5436131777853859,0.0,0.7000000000000001,0.1
22,67.0,0.0,0.0,-0.25,1.0,0.16643952380303303,0.0,0.7000000000000001,0.1
23,67.0,1.0,1.0,0.0,0.0,0.9306393121402805,1.0,0.7000000000000001,0.1
24,67.0,0.0,0.0,-0.5,1.0,0.05349011132747006,0.0,0.7000000000000001,0.1
25,67.0,1.0,0.0,0.0,1.0,0.25,1.0,0.7000000000000001,0.1
26,67.0,1.0,1.0,0.0,1.0,0.9556694794507218,1.0,0.7000000000000001,0.1
27,67.0,0.0,0.0,-0.5,1.0,0.08299308338195407,1.0,0.7000000000000001,0.1
28,67.0,1.0,1.0,0.25,1.0,0.9556694794507219,1.0,0.7000000000000001,0.1
29,67.0,1.0,1.0,0.25,1.0,0.8775467305172725,1.0,0.7000000000000001,0.1
30,67.0,0.0,1.0,0.5,1.0,0.45138699575285274,1.0,0.7000000000000001,0.1
31,67.0,1.0,1.0,0.0,0.0,0.885530909709374,1.0,0.7000000000000001,0.1
32,67.0,1.0,1.0,0.25,1.0,0.8775467305172725,1.0,0.7000000000000001,0.1
33,67.0,0.0,0.0,-0.25,1.0,0.2112194287348518,0.0,0.7000000000000001,0.1
34,67.0,1.0,1.0,0.0,0.0,0.8168595054428072,1.0,0.7000000000000001,0.1
35,67.0,0.0,1.0,0.0,0.0,0.5436131777853859,0.0,0.7000000000000001,0.1
36,67.0,0.0,1.0,0.0,0.0,0.47038808854494246,1.0,0.7000000000000001,0.1
37,67.0,1.0,1.0,0.0,0.0,0.8168595054428072,0.0,0.7000000000000001,0.1
38,67.0,1.0,1.0,0.5,1.0,0.805139513449631,0.0,0.7000000000000001,0.1
39,67.0,1.0,1.0,0.25,1.0,0.925536860437246,1.0,0.7000000000000001,0.1
40,67.0,1.0,1.0,0.5,1.0,0.805139513449631,1.0,0.7000000000000001,0.1
41,67.0,1.0,1.0,0.5,1.0,0.805139513449631,1.0,0.7000000000000001,0.1
42,67.0,0.0,1.0,0.25,1.0,0.6568040992240111,1.0,0.7000000000000001,0.1
43,67.0,0.0,1.0,0.5,1.0,0.5245840040495439,1.0,0.7000000000000001,0.1
44,67.0,0.0,0.0,-0.25,1.0,0.12169238919990354,0.0,0.7000000000000001,0.1
45,67.0,1.0,1.0,0.0,0.0,0.7200167157222517,1.0,0.7000000000000001,0.1
46,67.0,1.0,0.0,-0.75,1.0,0.5563040788992245,1.0,0.7000000000000001,0.1
47,67.0,1.0,0.0,-0.25,1.0,0.5828335591916328,1.0,0.7000000000000001,0.1
48,67.0,1.0,1.0,0.0,0.0,0.7200167157222517,0.0,0.7000000000000001,0.1
49,67.0,0.0,1.0,0.75,1.0,0.38882507940331773,0.0,0.7000000000000001,0.1
50,67.0,1.0,0.0,-0.25,1.0,0.44614655192146846,1.0,0.7000000000000001,0.1
51,67.0,0.0,0.0,-0.5,1.0,0.12169238919990354,0.0,0.7000000000000001,0.1
52,67.0,0.0,0.0,-0.5,1.0,0.12169238919990354,1.0,0.7000000000000001,0.1
53,67.0,0.0,0.0,-0.25,1.0,0.18285460463068817,0.0,0.7000000000000001,0.1
54,67.0,1.0,1.0,0.25,1.0,0.925536860437246,1.0,0.7000000000000001,0.1
55,67.0,1.0,1.0,0.5,1.0,0.805139513449631,1.0,0.7000000000000001,0.1
56,67.0,0.0,0.0,-0.25,1.0,0.14831071297603118,0.0,0.7000000000000001,0.1
57,67.0,1.0,1.0,0.5,1.0,0.8775467305172725,1.0,0.7000000000000001,0.1
58,67.0,1.0,1.0,0.5,1.0,0.7043424304471637,0.0,0.7000000000000001,0.1
59,67.0,1.0,1.0,0.0,1.0,0.9739516625901027,1.0,0.7000000000000001,0.1
60,67.0,0.0,0.0,-0.25,1.0,0.18285460463068817,1.0,0.7000000000000001,0.1
61,67.0,1.0,1.0,0.0,0.0,0.8168595054428072,1.0,0.7000000000000001,0.1
62,67.0,1.0,1.0,0.25,1.0,0.805139513449631,1.0,0.7000000000000001,0.1
63,67.0,1.0,1.0,0.25,1.0,0.805139513449631,1.0,0.7000000000000001,0.1
64,67.0,1.0,1.0,0.25,1.0,0.925536860437246,1.0,0.7000000000000001,0.1
65,67.0,0.0,1.0,0.25,1.0,0.6568040992240111,1.0,0.7000000000000001,0.1
66,67.0,1.0,1.0,0.5,1.0,0.8775467305172725,1.0,0.7000000000000001,0.1
67,67.0,0.0,0.0,-0.5,1.0,0.08299308338195407,1.0,0.7000000000000001,0.1
68,67.0,1.0,1.0,0.75,1.0,0.57868895012339,1.0,0.7000000000000001,0.1
69,67.0,1.0,1.0,0.25,1.0,0.8775467305172725,1.0,0.7000000000000001,0.1
70,67.0,1.0,1.0,0.25,1.0,0.805139513449631,1.0,0.7000000000000001,0.1
71,67.0,0.0,0.0,-0.25,1.0,0.18285460463068817,1.0,0.7000000000000001,0.1
72,67.0,1.0,1.0,0.0,1.0,0.9556694794507219,1.0,0.7000000000000001,0.1
73,67.0,1.0,1.0,0.25,1.0,0.8775467305172725,1.0,0.7000000000000001,0.1
74,67.0,0.0,0.0,0.0,1.0,0.25,0.0,0.7000000000000001,0.1
75,67.0,1.0,0.0,-0.5,1.0,0.25723202212646906,0.0,0.7000000000000001,0.1
76,67.0,1.0,1.0,0.0,1.0,0.9556694794507219,1.0,0.7000000000000001,0.1
77,67.0,1.0,1.0,0.5,1.0,0.8775467305172725,0.0,0.7000000000000001,0.1
78,67.0,1.0,1.0,0.0,0.0,0.8168595054428072,0.0,0.7000000000000001,0.1
79,67.0,1.0,1.0,0.75,1.0,0.7043424304471637,1.0,0.7000000000000001,0.1
80,67.0,1.0,0.0,-0.5,1.0,0.5102317648448252,0.0,0.7000000000000001,0.1
81,67.0,0.0,0.0,-0.5,1.0,0.14831071297603118,0.0,0.7000000000000001,0.1
82,67.0,1.0,1.0,0.25,1.0,0.925536860437246,1.0,0.7000000000000001,0.1
83,67.0,1.0,1.0,0.5,1.0,0.8775467305172725,1.0,0.7000000000000001,0.1
84,67.0,1.0,0.0,-0.25,1.0,0.31714539536931186,1.0,0.7000000000000001,0.1
85,67.0,1.0,1.0,0.5,1.0,0.805139513449631,1.0,0.7000000000000001,0.1
86,67.0,0.0,0.0,-0.25,1.0,0.16643952380303303,1.0,0.7000000000000001,0.1
87,67.0,1.0,1.0,0.25,1.0,0.8775467305172725,1.0,0.7000000000000001,0.1
88,67.0,1.0,1.0,0.0,0.0,0.885530909709374,1.0,0.7000000000000001,0.1
89,67.0,1.0,1.0,0.0,1.0,0.9739516625901027,1.0,0.7000000000000001,0.1
0,68.0,1.0,1.0,0.0,0.0,0.7192985302129068,0.0,0.7000000000000001,0.1
1,68.0,1.0,1.0,0.0,0.0,0.6004303187893615,0.0,0.7000000000000001,0.1
2,68.0,1.0,1.0,0.75,1.0,0.5680321470065438,0.0,0.7000000000000001,0.1
3,68.0,0.0,0.0,0.0,1.0,0.21252743387552142,0.0,0.7000000000000001,0.1
4,68.0,0.0,1.0,0.0,0.0,0.41638940765702764,0.0,0.7000000000000001,0.1
5,68.0,1.0,0.0,-0.25,1.0,0.43971844865832177,1.0,0.7000000000000001,0.1
6,68.0,0.0,0.0,-0.25,1.0,0.1692630924941613,0.0,0.7000000000000001,0.1
7,68.0,0.0,1.0,0.0,0.0,0.4684250972526598,1.0,0.7000000000000001,0.1
8,68.0,0.0,0.0,-0.25,1.0,0.1692630924941613,1.0,0.7000000000000001,0.1
9,68.0,1.0,1.0,0.0,0.0,0.4684250972526597,1.0,0.7000000000000001,0.1
10,68.0,0.0,0.0,-0.75,1.0,0.12564589169215673,1.0,0.7000000000000001,0.1
11,68.0,0.0,0.0,0.0,1.0,0.1256458916921567,0.0,0.7000000000000001,0.1
12,68.0,0.0,1.0,0.75,1.0,0.43538841690751484,1.0,0.7000000000000001,0.1
13,68.0,1.0,0.0,-0.25,1.0,0.572344112311544,1.0,0.7000000000000001,0.1
14,68.0,0.0,0.0,-0.25,1.0,0.16926309249416133,0.0,0.7000000000000001,0.1
15,68.0,1.0,0.0,-0.25,1.0,0.572344112311544,1.0,0.7000000000000001,0.1
16,68.0,1.0,1.0,0.25,1.0,0.9499058427606044,1.0,0.7000000000000001,0.1
17,68.0,0.0,0.0,0.0,1.0,0.25,0.0,0.7000000000000001,0.1
18,68.0,0.0,0.0,-0.5,1.0,0.12564589169215673,0.0,0.7000000000000001,0.1
19,68.0,1.0,1.0,0.25,1.0,0.6915878550940735,1.0,0.7000000000000001,0.1
20,68.0,0.0,1.0,0.0,0.0,0.41638940765702764,0.0,0.7000000000000001,0.1
21,68.0,1.0,1.0,0.0,0.0,0.4684250972526597,0.0,0.7000000000000001,0.1
22,68.0,0.0,0.0,-0.25,1.0,0.12564589169215673,0.0,0.7000000000000001,0.1
23,68.0,0.0,1.0,0.0,0.0,0.3500738752865218,0.0,0.7000000000000001,0.1
24,68.0,0.0,0.0,-0.25,1.0,0.18482410055738574,0.0,0.7000000000000001,0.1
25,68.0,0.0,0.0,0.0,1.0,0.21252743387552142,0.0,0.7000000000000001,0.1
26,68.0,1.0,1.0,0.0,1.0,0.9700025061815866,1.0,0.7000000000000001,0.1
27,68.0,0.0,1.0,1.0,1.0,0.2680044246391923,1.0,0.7000000000000001,0.1
28,68.0,0.0,0.0,0.0,1.0,0.21252743387552142,0.0,0.7000000000000001,0.1
29,68.0,1.0,1.0,0.25,1.0,0.9174907551997015,1.0,0.7000000000000001,0.1
30,68.0,0.0,0.0,0.0,1.0,0.21252743387552142,0.0,0.7000000000000001,0.1
31,68.0,0.0,1.0,0.0,0.0,0.4684250972526598,1.0,0.7000000000000001,0.1
32,68.0,1.0,1.0,0.0,1.0,0.9700025061815866,1.0,0.7000000000000001,0.1
33,68.0,0.0,0.0,-0.5,1.0,0.1256458916921567,0.0,0.7000000000000001,0.1
34,68.0,1.0,1.0,0.0,0.0,0.8137723915861291,1.0,0.7000000000000001,0.1
35,68.0,0.0,1.0,0.0,0.0,0.3500738752865218,0.0,0.7000000000000001,0.1
36,68.0,1.0,1.0,0.0,0.0,0.7192985302129067,1.0,0.7000000000000001,0.1
37,68.0,1.0,1.0,0.0,0.0,0.7192985302129068,1.0,0.7000000000000001,0.1
38,68.0,1.0,1.0,0.25,1.0,0.9174907551997015,1.0,0.7000000000000001,0.1
39,68.0,1.0,1.0,0.0,1.0,0.9499058427606044,1.0,0.7000000000000001,0.1
40,68.0,1.0,0.0,-0.25,1.0,0.31517589944261426,1.0,0.7000000000000001,0.1
41,68.0,0.0,0.0,0.0,1.0,0.21252743387552142,1.0,0.7000000000000001,0.1
42,68.0,0.0,0.0,-0.25,1.0,0.21252743387552142,1.0,0.7000000000000001,0.1
43,68.0,1.0,0.0,-0.25,1.0,0.4397184486583218,1.0,0.7000000000000001,0.1
44,68.0,1.0,1.0,0.25,1.0,0.8670364318680427,1.0,0.7000000000000001,0.1
45,68.0,0.0,1.0,0.0,0.0,0.4684250972526598,0.0,0.7000000000000001,0.1
46,68.0,1.0,0.0,0.0,1.0,0.6230623249235299,0.0,0.7000000000000001,0.1
47,68.0,0.0,0.0,-0.25,1.0,0.1692630924941613,1.0,0.7000000000000001,0.1
48,68.0,0.0,1.0,0.0,0.0,0.27530456161014444,0.0,0.7000000000000001,0.1
49,68.0,0.0,0.0,0.0,1.0,0.21252743387552142,0.0,0.7000000000000001,0.1
50,68.0,1.0,1.0,0.75,1.0,0.5680321470065439,0.0,0.7000000000000001,0.1
51,68.0,1.0,1.0,1.0,1.0,0.43538841690751484,1.0,0.7000000000000001,0.1
52,68.0,1.0,1.0,0.5,1.0,0.6915878550940735,1.0,0.7000000000000001,0.1
53,68.0,0.0,0.0,-0.25,1.0,0.1692630924941613,0.0,0.7000000000000001,0.1
54,68.0,1.0,1.0,0.75,1.0,0.792700276118472,1.0,0.7000000000000001,0.1
55,68.0,0.0,0.0,0.0,1.0,0.21252743387552142,0.0,0.7000000000000001,0.1
56,68.0,0.0,0.0,-0.25,1.0,0.1692630924941613,0.0,0.7000000000000001,0.1
57,68.0,0.0,0.0,-0.75,1.0,0.12564589169215673,0.0,0.7000000000000001,0.1
58,68.0,1.0,1.0,0.25,1.0,0.9174907551997016,0.0,0.7000000000000001,0.1
59,68.0,1.0,1.0,0.25,1.0,0.9499058427606044,1.0,0.7000000000000001,0.1
60,68.0,0.0,0.0,0.0,1.0,0.21252743387552142,0.0,0.7000000000000001,0.1
61,68.0,1.0,1.0,0.0,0.0,0.8137723915861291,1.0,0.7000000000000001,0.1
62,68.0,0.0,0.0,-0.25,1.0,0.21252743387552142,0.0,0.7000000000000001,0.1
63,68.0,0.0,0.0,-0.25,1.0,0.21252743387552142,0.0,0.7000000000000001,0.1
64,68.0,1.0,1.0,0.75,1.0,0.43538841690751484,1.0,0.7000000000000001,0.1
65,68.0,1.0,0.0,-0.25,1.0,0.3151758994426142,0.0,0.7000000000000001,0.1
66,68.0,1.0,1.0,0.0,1.0,0.9174907551997015,1.0,0.7000000000000001,0.1
67,68.0,0.0,0.0,-0.25,1.0,0.16926309249416133,0.0,0.7000000000000001,0.1
68,68.0,1.0,1.0,1.0,1.0,0.43538841690751484,0.0,0.7000000000000001,0.1
69,68.0,1.0,0.0,-0.25,1.0,0.21252743387552142,0.0,0.7000000000000001,0.1
70,68.0,0.0,0.0,-0.25,1.0,0.1692630924941613,0.0,0.7000000000000001,0.1
71,68.0,0.0,0.0,-0.25,1.0,0.18482410055738574,1.0,0.7000000000000001,0.1
72,68.0,0.0,0.0,-0.25,1.0,0.21252743387552142,1.0,0.7000000000000001,0.1
73,68.0,0.0,1.0,1.0,1.0,0.2680044246391923,1.0,0.7000000000000001,0.1
74,68.0,1.0,0.0,-0.5,1.0,0.2578578086569827,0.0,0.7000000000000001,0.1
75,68.0,0.0,0.0,-0.25,1.0,0.16926309249416133,0.0,0.7000000000000001,0.1
76,68.0,0.0,1.0,0.5,1.0,0.44561111889928906,1.0,0.7000000000000001,0.1
77,68.0,0.0,0.0,0.0,1.0,0.25,1.0,0.7000000000000001,0.1
78,68.0,1.0,1.0,0.0,0.0,0.6004303187893616,0.0,0.7000000000000001,0.1
79,68.0,1.0,0.0,-0.25,1.0,0.3151758994426142,1.0,0.7000000000000001,0.1
80,68.0,1.0,1.0,0.75,1.0,0.5680321470065438,0.0,0.7000000000000001,0.1
81,68.0,1.0,0.0,0.0,1.0,0.25,0.0,0.7000000000000001,0.1
82,68.0,1.0,1.0,0.25,1.0,0.8670364318680427,1.0,0.7000000000000001,0.1
83,68.0,1.0,1.0,1.0,1.0,0.43538841690751484,1.0,0.7000000000000001,0.1
84,68.0,1.0,0.0,0.0,1.0,0.25,1.0,0.7000000000000001,0.1
85,68.0,1.0,1.0,0.75,1.0,0.6915878550940735,1.0,0.7000000000000001,0.1
86,68.0,0.0,0.0,-0.25,1.0,0.21252743387552142,0.0,0.7000000000000001,0.1
87,68.0,0.0,1.0,0.75,1.0,0.43538841690751484,0.0,0.7000000000000001,0.1
88,68.0,0.0,1.0,0.0,0.0,0.4163894076570276,0.0,0.7000000000000001,0.1
89,68.0,1.0,1.0,0.75,1.0,0.5680321470065438,1.0,0.7000000000000001,0.1
0,69.0,0.0,1.0,0.0,0.0,0.459635999862578,1.0,0.7000000000000001,0.1
1,69.0,0.0,1.0,0.0,0.0,0.7904388736183131,0.0,0.7000000000000001,0.1
2,69.0,1.0,1.0,0.75,1.0,0.8433771586269485,1.0,0.7000000000000001,0.1
3,69.0,1.0,0.0,-0.25,1.0,0.63575657681421,0.0,0.7000000000000001,0.1
4,69.0,0.0,1.0,0.0,0.0,0.790438873618313,0.0,0.7000000000000001,0.1
5,69.0,0.0,0.0,0.0,1.0,0.25,0.0,0.7000000000000001,0.1
6,69.0,1.0,0.0,-0.25,1.0,0.40868989783272963,1.0,0.7000000000000001,0.1
7,69.0,0.0,1.0,0.0,0.0,0.6360141894720794,0.0,0.7000000000000001,0.1
8,69.0,1.0,0.0,-0.25,1.0,0.40868989783272963,1.0,0.7000000000000001,0.1
9,69.0,1.0,1.0,0.0,0.0,0.8368122351313029,1.0,0.7000000000000001,0.1
10,69.0,0.0,0.0,-0.25,1.0,0.09131010216727031,0.0,0.7000000000000001,0.1
11,69.0,0.0,0.0,-0.25,1.0,0.13376413646631644,0.0,0.7000000000000001,0.1
12,69.0,1.0,1.0,0.0,1.0,0.8472662509431577,1.0,0.7000000000000001,0.1
13,69.0,1.0,0.0,-0.25,1.0,0.40868989783272963,1.0,0.7000000000000001,0.1
14,69.0,0.0,0.0,-0.25,1.0,0.13376413646631646,1.0,0.7000000000000001,0.1
15,69.0,1.0,1.0,1.0,1.0,0.8253613835084249,1.0,0.7000000000000001,0.1
16,69.0,1.0,0.0,-0.75,1.0,0.20479233559349297,1.0,0.7000000000000001,0.1
17,69.0,0.0,0.0,0.0,1.0,0.13376413646631646,0.0,0.7000000000000001,0.1
18,69.0,1.0,1.0,0.0,1.0,0.8472662509431579,1.0,0.7000000000000001,0.1
19,69.0,1.0,1.0,0.25,1.0,0.8465883626649278,1.0,0.7000000000000001,0.1
20,69.0,0.0,1.0,0.0,0.0,0.6360141894720794,1.0,0.7000000000000001,0.1
21,69.0,1.0,1.0,0.0,0.0,0.8368122351313029,0.0,0.7000000000000001,0.1
22,69.0,0.0,0.0,-0.25,1.0,0.13376413646631646,1.0,0.7000000000000001,0.1
23,69.0,1.0,1.0,0.0,0.0,0.8472113266993927,1.0,0.7000000000000001,0.1
24,69.0,0.0,0.0,0.0,1.0,0.25,0.0,0.7000000000000001,0.1
25,69.0,0.0,0.0,-0.25,1.0,0.09131010216727031,0.0,0.7000000000000001,0.1
26,69.0,0.0,1.0,0.0,1.0,0.5544603020397834,1.0,0.7000000000000001,0.1
27,69.0,1.0,1.0,1.0,1.0,0.450939804381678,1.0,0.7000000000000001,0.1
28,69.0,0.0,0.0,0.0,1.0,0.13376413646631644,1.0,0.7000000000000001,0.1
29,69.0,0.0,0.0,-0.25,1.0,0.054407892811310254,0.0,0.7000000000000001,0.1
30,69.0,0.0,1.0,1.0,1.0,0.450939804381678,0.0,0.7000000000000001,0.1
31,69.0,1.0,1.0,0.0,0.0,0.8454314054878999,1.0,0.7000000000000001,0.1
32,69.0,1.0,1.0,0.0,1.0,0.8472633067975869,1.0,0.7000000000000001,0.1
33,69.0,0.0,0.0,-0.75,1.0,0.054407892811310254,0.0,0.7000000000000001,0.1
34,69.0,0.0,1.0,0.0,0.0,0.459635999862578,0.0,0.7000000000000001,0.1
35,69.0,0.0,1.0,0.0,0.0,0.790438873618313,0.0,0.7000000000000001,0.1
36,69.0,1.0,1.0,0.0,0.0,0.8472113266993927,1.0,0.7000000000000001,0.1
37,69.0,1.0,1.0,0.0,0.0,0.8368122351313027,1.0,0.7000000000000001,0.1
38,69.0,1.0,0.0,-0.25,1.0,0.63575657681421,1.0,0.7000000000000001,0.1
39,69.0,1.0,1.0,0.0,1.0,0.8472633067975869,1.0,0.7000000000000001,0.1
40,69.0,1.0,1.0,0.75,1.0,0.8253613835084248,0.0,0.7000000000000001,0.1
41,69.0,1.0,0.0,-0.25,1.0,0.13376413646631646,1.0,0.7000000000000001,0.1
42,69.0,1.0,1.0,0.25,1.0,0.8433771586269485,0.0,0.7000000000000001,0.1
43,69.0,0.0,0.0,-0.25,1.0,0.054407892811310254,0.0,0.7000000000000001,0.1
44,69.0,1.0,1.0,1.0,1.0,0.7350094890731801,0.0,0.7000000000000001,0.1
45,69.0,1.0,1.0,0.0,0.0,0.790438873618313,1.0,0.7000000000000001,0.1
46,69.0,1.0,1.0,0.25,1.0,0.8465883626649278,1.0,0.7000000000000001,0.1
47,69.0,1.0,1.0,0.75,1.0,0.7350094890731801,1.0,0.7000000000000001,0.1
48,69.0,1.0,1.0,0.0,0.0,0.8472113266993927,1.0,0.7000000000000001,0.1
49,69.0,1.0,1.0,1.0,1.0,0.4509398043816781,1.0,0.7000000000000001,0.1
50,69.0,1.0,1.0,0.75,1.0,0.8465883626649278,1.0,0.7000000000000001,0.1
51,69.0,1.0,1.0,0.75,1.0,0.8465883626649278,1.0,0.7000000000000001,0.1
52,69.0,1.0,1.0,0.25,1.0,0.8471488845968652,1.0,0.7000000000000001,0.1
53,69.0,1.0,1.0,0.75,1.0,0.8433771586269485,1.0,0.7000000000000001,0.1
54,69.0,1.0,1.0,0.25,1.0,0.8465883626649278,1.0,0.7000000000000001,0.1
55,69.0,0.0,0.0,-0.25,1.0,0.13376413646631646,1.0,0.7000000000000001,0.1
56,69.0,1.0,0.0,-0.75,1.0,0.20479233559349297,1.0,0.7000000000000001,0.1
57,69.0,0.0,0.0,-0.25,1.0,0.05152498827809744,1.0,0.7000000000000001,0.1
58,69.0,1.0,0.0,-0.25,1.0,0.7036976506514365,1.0,0.7000000000000001,0.1
59,69.0,0.0,0.0,-0.25,1.0,0.06991516253647899,0.0,0.7000000000000001,0.1
60,69.0,1.0,0.0,-0.25,1.0,0.40868989783272963,1.0,0.7000000000000001,0.1
61,69.0,1.0,1.0,0.0,0.0,0.8472113266993927,1.0,0.7000000000000001,0.1
62,69.0,1.0,1.0,0.75,1.0,0.73500948907318,0.0,0.7000000000000001,0.1
63,69.0,1.0,1.0,0.75,1.0,0.8465883626649278,1.0,0.7000000000000001,0.1
64,69.0,1.0,1.0,0.0,1.0,0.8472662509431579,1.0,0.7000000000000001,0.1
65,69.0,1.0,0.0,0.0,1.0,0.8367763215660692,0.0,0.7000000000000001,0.1
66,69.0,1.0,1.0,0.75,1.0,0.73500948907318,1.0,0.7000000000000001,0.1
67,69.0,1.0,0.0,-0.75,1.0,0.39407151846634414,0.0,0.7000000000000001,0.1
68,69.0,1.0,1.0,0.75,1.0,0.8465883626649278,1.0,0.7000000000000001,0.1
69,69.0,1.0,0.0,-0.25,1.0,0.40868989783272974,1.0,0.7000000000000001,0.1
70,69.0,0.0,0.0,-0.25,1.0,0.09131010216727031,1.0,0.7000000000000001,0.1
71,69.0,1.0,0.0,-0.25,1.0,0.63575657681421,0.0,0.7000000000000001,0.1
72,69.0,0.0,0.0,-0.75,1.0,0.05101792341407218,1.0,0.7000000000000001,0.1
73,69.0,0.0,1.0,0.75,1.0,0.5623543303657158,1.0,0.7000000000000001,0.1
74,69.0,0.0,0.0,0.0,1.0,0.25,1.0,0.7000000000000001,0.1
75,69.0,1.0,1.0,0.75,1.0,0.8433771586269485,0.0,0.7000000000000001,0.1
76,69.0,0.0,0.0,-0.25,1.0,0.13376413646631646,0.0,0.7000000000000001,0.1
77,69.0,1.0,1.0,0.0,1.0,0.8472662509431577,1.0,0.7000000000000001,0.1
78,69.0,0.0,1.0,0.0,0.0,0.6360141894720794,0.0,0.7000000000000001,0.1
79,69.0,0.0,1.0,1.0,1.0,0.27561040069699194,1.0,0.7000000000000001,0.1
80,69.0,0.0,0.0,-0.25,1.0,0.054407892811310254,1.0,0.7000000000000001,0.1
81,69.0,0.0,0.0,0.0,1.0,0.13376413646631646,0.0,0.7000000000000001,0.1
82,69.0,1.0,0.0,-0.25,1.0,0.40868989783272963,1.0,0.7000000000000001,0.1
83,69.0,0.0,0.0,-0.25,1.0,0.13376413646631646,0.0,0.7000000000000001,0.1
84,69.0,0.0,0.0,-0.25,1.0,0.054407892811310254,0.0,0.7000000000000001,0.1
85,69.0,1.0,1.0,0.25,1.0,0.8433771586269485,1.0,0.7000000000000001,0.1
86,69.0,1.0,1.0,0.75,1.0,0.8253613835084248,1.0,0.7000000000000001,0.1
87,69.0,1.0,1.0,0.75,1.0,0.7350094890731801,1.0,0.7000000000000001,0.1
88,69.0,0.0,1.0,0.0,0.0,0.6360141894720794,1.0,0.7000000000000001,0.1
89,69.0,1.0,0.0,-0.5,1.0,0.25175048906222447,0.0,0.7000000000000001,0.1
0,70.0,0.0,1.0,0.0,0.0,0.4914300893333728,1.0,0.7000000000000001,0.1
1,70.0,1.0,1.0,0.0,0.0,0.6257426700668722,0.0,0.7000000000000001,0.1
2,70.0,0.0,0.0,-0.25,1.0,0.1260120447357274,1.0,0.7000000000000001,0.1
3,70.0,0.0,0.0,-0.25,1.0,0.1331520546064535,0.0,0.7000000000000001,0.1
4,70.0,0.0,1.0,0.0,0.0,0.4082571295235148,0.0,0.7000000000000001,0.1
5,70.0,0.0,0.0,-0.25,1.0,0.12601204473572739,0.0,0.7000000000000001,0.1
6,70.0,1.0,0.0,-0.25,1.0,0.16756384070660882,0.0,0.7000000000000001,0.1
7,70.0,1.0,1.0,0.0,0.0,0.6279492293189799,1.0,0.7000000000000001,0.1
8,70.0,1.0,1.0,0.0,1.0,0.6279606202149701,1.0,0.7000000000000001,0.1
9,70.0,0.0,1.0,0.0,0.0,0.615406673891699,0.0,0.7000000000000001,0.1
10,70.0,0.0,0.0,-0.25,1.0,0.1260120447357274,0.0,0.7000000000000001,0.1
11,70.0,1.0,0.0,-0.25,1.0,0.37398795526427264,0.0,0.7000000000000001,0.1
12,70.0,0.0,0.0,0.0,1.0,0.25,1.0,0.7000000000000001,0.1
13,70.0,1.0,0.0,-0.25,1.0,0.37398795526427264,1.0,0.7000000000000001,0.1
14,70.0,1.0,0.0,-0.75,1.0,0.41607844149142786,0.0,0.7000000000000001,0.1
15,70.0,1.0,0.0,-0.75,1.0,0.2990055101630248,1.0,0.7000000000000001,0.1
16,70.0,0.0,0.0,0.0,1.0,0.25,1.0,0.7000000000000001,0.1
17,70.0,0.0,0.0,-0.75,1.0,0.08392155850857212,0.0,0.7000000000000001,0.1
18,70.0,1.0,1.0,0.0,1.0,0.6279606202149701,1.0,0.7000000000000001,0.1
19,70.0,0.0,1.0,0.75,1.0,0.5726179750839374,0.0,0.7000000000000001,0.1
20,70.0,0.0,1.0,0.0,0.0,0.4914300893333728,0.0,0.7000000000000001,0.1
21,70.0,0.0,1.0,0.0,0.0,0.4914300893333728,0.0,0.7000000000000001,0.1
22,70.0,0.0,0.0,-0.25,1.0,0.1260120447357274,1.0,0.7000000000000001,0.1
23,70.0,1.0,1.0,0.0,0.0,0.6279492293189799,1.0,0.7000000000000001,0.1
24,70.0,1.0,0.0,0.0,1.0,0.4973084778801735,0.0,0.7000000000000001,0.1
25,70.0,0.0,1.0,1.0,1.0,0.40352813676659466,1.0,0.7000000000000001,0.1
26,70.0,0.0,1.0,0.75,1.0,0.5726179750839374,0.0,0.7000000000000001,0.1
27,70.0,0.0,0.0,-0.25,1.0,0.16756384070660882,1.0,0.7000000000000001,0.1
28,70.0,0.0,0.0,-0.25,1.0,0.12430120655054828,1.0,0.7000000000000001,0.1
29,70.0,1.0,0.0,-0.75,1.0,0.12566058759937443,1.0,0.7000000000000001,0.1
30,70.0,0.0,0.0,-0.25,1.0,0.16756384070660882,1.0,0.7000000000000001,0.1
31,70.0,0.0,1.0,0.0,0.0,0.615406673891699,0.0,0.7000000000000001,0.1
32,70.0,1.0,1.0,0.0,1.0,0.6279592393987093,1.0,0.7000000000000001,0.1
33,70.0,0.0,0.0,0.0,1.0,0.16756384070660882,0.0,0.7000000000000001,0.1
34,70.0,1.0,1.0,0.0,0.0,0.6257426700668722,1.0,0.7000000000000001,0.1
35,70.0,0.0,1.0,0.0,0.0,0.615406673891699,0.0,0.7000000000000001,0.1
36,70.0,0.0,1.0,0.0,0.0,0.4244180395583485,0.0,0.7000000000000001,0.1
37,70.0,0.0,1.0,0.0,0.0,0.615406673891699,1.0,0.7000000000000001,0.1
38,70.0,0.0,1.0,0.75,1.0,0.44723733480433125,0.0,0.7000000000000001,0.1
39,70.0,0.0,0.0,-0.75,1.0,0.12402174361171411,1.0,0.7000000000000001,0.1
40,70.0,1.0,1.0,0.0,1.0,0.6279606202149701,1.0,0.7000000000000001,0.1
41,70.0,0.0,0.0,-1.0,1.0,0.12430120655054828,1.0,0.7000000000000001,0.1
42,70.0,0.0,0.0,-0.25,1.0,0.16756384070660882,0.0,0.7000000000000001,0.1
43,70.0,0.0,0.0,-0.25,1.0,0.16756384070660882,0.0,0.7000000000000001,0.1
44,70.0,1.0,1.0,0.25,1.0,0.6276425906514346,0.0,0.7000000000000001,0.1
45,70.0,0.0,1.0,0.0,0.0,0.4914300893333728,0.0,0.7000000000000001,0.1
46,70.0,1.0,1.0,0.0,1.0,0.6279592393987093,1.0,0.7000000000000001,0.1
47,70.0,0.0,0.0,0.0,1.0,0.25,0.0,0.7000000000000001,0.1
48,70.0,0.0,1.0,0.0,0.0,0.615406673891699,0.0,0.7000000000000001,0.1
49,70.0,0.0,1.0,0.25,1.0,0.5028212305920603,0.0,0.7000000000000001,0.1
50,70.0,0.0,0.0,0.0,1.0,0.16756384070660882,1.0,0.7000000000000001,0.1
51,70.0,1.0,0.0,-0.25,1.0,0.37398795526427264,0.0,0.7000000000000001,0.1
52,70.0,0.0,0.0,-0.75,1.0,0.12566058759937443,0.0,0.7000000000000001,0.1
53,70.0,0.0,0.0,-0.75,1.0,0.12566058759937443,0.0,0.7000000000000001,0.1
54,70.0,0.0,1.0,0.25,1.0,0.6261335103742727,0.0,0.7000000000000001,0.1
55,70.0,1.0,0.0,-0.25,1.0,0.37398795526427264,1.0,0.7000000000000001,0.1
56,70.0,0.0,0.0,-0.25,1.0,0.1260120447357274,0.0,0.7000000000000001,0.1
57,70.0,0.0,1.0,0.75,1.0,0.5726179750839374,0.0,0.7000000000000001,0.1
58,70.0,1.0,0.0,-0.25,1.0,0.16756384070660882,0.0,0.7000000000000001,0.1
59,70.0,1.0,1.0,0.75,1.0,0.5726179750839374,0.0,0.7000000000000001,0.1
60,70.0,0.0,0.0,-0.75,1.0,0.12406316444078713,0.0,0.7000000000000001,0.1
61,70.0,1.0,1.0,0.0,0.0,0.6279492293189799,0.0,0.7000000000000001,0.1
62,70.0,0.0,0.0,-0.25,1.0,0.1331520546064535,0.0,0.7000000000000001,0.1
63,70.0,1.0,0.0,-0.25,1.0,0.37398795526427264,0.0,0.7000000000000001,0.1
64,70.0,1.0,1.0,0.0,1.0,0.6279606202149701,1.0,0.7000000000000001,0.1
65,70.0,1.0,1.0,0.0,1.0,0.6279606202149701,1.0,0.7000000000000001,0.1
66,70.0,1.0,0.0,-1.0,1.0,0.4172866610714359,0.0,0.7000000000000001,0.1
67,70.0,1.0,1.0,0.25,1.0,0.6276425906514346,0.0,0.7000000000000001,0.1
68,70.0,1.0,1.0,0.0,1.0,0.6279606202149701,1.0,0.7000000000000001,0.1
69,70.0,1.0,0.0,-0.75,1.0,0.41607844149142786,0.0,0.7000000000000001,0.1
70,70.0,0.0,1.0,0.0,1.0,0.5044341044877744,1.0,0.7000000000000001,0.1
71,70.0,0.0,0.0,-0.25,1.0,0.10074735079707929,0.0,0.7000000000000001,0.1
72,70.0,1.0,1.0,0.25,1.0,0.6279512934696646,0.0,0.7000000000000001,0.1
73,70.0,1.0,0.0,0.0,1.0,0.25,1.0,0.7000000000000001,0.1
74,70.0,0.0,0.0,-0.25,1.0,0.1331520546064535,0.0,0.7000000000000001,0.1
75,70.0,0.0,0.0,-0.25,1.0,0.16756384070660882,0.0,0.7000000000000001,0.1
76,70.0,1.0,0.0,-0.25,1.0,0.47585673515879273,0.0,0.7000000000000001,0.1
77,70.0,1.0,1.0,0.75,1.0,0.6276425906514345,0.0,0.7000000000000001,0.1
78,70.0,0.0,1.0,0.0,0.0,0.615406673891699,0.0,0.7000000000000001,0.1
79,70.0,0.0,1.0,0.75,1.0,0.4472373348043313,0.0,0.7000000000000001,0.1
80,70.0,1.0,1.0,0.75,1.0,0.5726179750839374,0.0,0.7000000000000001,0.1
81,70.0,1.0,1.0,0.0,1.0,0.6279606202149701,0.0,0.7000000000000001,0.1
82,70.0,0.0,0.0,-0.75,1.0,0.12402174361171411,1.0,0.7000000000000001,0.1
83,70.0,0.0,0.0,0.0,1.0,0.16756384070660882,0.0,0.7000000000000001,0.1
84,70.0,1.0,0.0,-0.25,1.0,0.49949978824281654,0.0,0.7000000000000001,0.1
85,70.0,0.0,1.0,0.25,1.0,0.4355862689115791,0.0,0.7000000000000001,0.1
86,70.0,1.0,1.0,0.0,1.0,0.6279606202149701,1.0,0.7000000000000001,0.1
87,70.0,1.0,1.0,0.0,1.0,0.6279606202149701,1.0,0.7000000000000001,0.1
88,70.0,0.0,1.0,0.0,0.0,0.615406673891699,0.0,0.7000000000000001,0.1
89,70.0,1.0,1.0,1.0,1.0,0.5726179750839374,0.0,0.7000000000000001,0.1
0,74.0,0.0,1.0,0.0,0.0,0.35166024816796626,0.0,0.7000000000000001,0.1
1,74.0,0.0,1.0,0.0,0.0,0.31514112376819214,0.0,0.7000000000000001,0.1
2,74.0,0.0,1.0,0.75,1.0,0.32722881080558164,0.0,0.7000000000000001,0.1
3,74.0,0.0,0.0,-1.0,1.0,0.14522951021135488,0.0,0.7000000000000001,0.1
4,74.0,0.0,1.0,0.0,0.0,0.384170338097166,0.0,0.7000000000000001,0.1
5,74.0,1.0,1.0,0.75,1.0,0.5060172456644583,1.0,0.7000000000000001,0.1
6,74.0,1.0,1.0,0.0,1.0,0.8314341199236659,1.0,0.7000000000000001,0.1
7,74.0,1.0,1.0,0.0,0.0,0.48964656446243715,1.0,0.7000000000000001,0.1
8,74.0,0.0,0.0,-0.25,1.0,0.22886592449936874,0.0,0.7000000000000001,0.1
9,74.0,0.0,1.0,0.0,0.0,0.384170338097166,0.0,0.7000000000000001,0.1
10,74.0,0.0,0.0,-0.25,1.0,0.211026522650079,0.0,0.7000000000000001,0.1
11,74.0,0.0,0.0,-0.25,1.0,0.22886592449936874,0.0,0.7000000000000001,0.1
12,74.0,0.0,0.0,-0.25,1.0,0.211026522650079,0.0,0.7000000000000001,0.1
13,74.0,1.0,0.0,-0.25,1.0,0.5106679845974559,0.0,0.7000000000000001,0.1
14,74.0,0.0,0.0,-0.5,1.0,0.17960384219414513,0.0,0.7000000000000001,0.1
15,74.0,1.0,1.0,0.25,1.0,0.5838069668406971,1.0,0.7000000000000001,0.1
16,74.0,0.0,0.0,-0.25,1.0,0.211026522650079,0.0,0.7000000000000001,0.1
17,74.0,0.0,0.0,-0.25,1.0,0.1684301291318445,0.0,0.7000000000000001,0.1
18,74.0,0.0,0.0,-0.25,1.0,0.211026522650079,0.0,0.7000000000000001,0.1
19,74.0,0.0,0.0,-0.25,1.0,0.19067428280752147,1.0,0.7000000000000001,0.1
20,74.0,0.0,1.0,0.0,0.0,0.4119837344398012,0.0,0.7000000000000001,0.1
21,74.0,0.0,1.0,0.0,0.0,0.38417033809716594,0.0,0.7000000000000001,0.1
22,74.0,1.0,0.0,-0.75,1.0,0.230643236188999,1.0,0.7000000000000001,0.1
23,74.0,0.0,1.0,0.0,0.0,0.384170338097166,1.0,0.7000000000000001,0.1
24,74.0,0.0,0.0,-0.75,1.0,0.1684301291318445,0.0,0.7000000000000001,0.1
25,74.0,0.0,0.0,-0.75,1.0,0.16843012913184446,1.0,0.7000000000000001,0.1
26,74.0,0.0,0.0,-0.25,1.0,0.22886592449936874,0.0,0.7000000000000001,0.1
27,74.0,0.0,0.0,-0.5,1.0,0.20512082770803008,1.0,0.7000000000000001,0.1
28,74.0,1.0,0.0,0.0,1.0,0.46118847341756464,1.0,0.7000000000000001,0.1
29,74.0,1.0,1.0,0.75,1.0,0.4279350914834288,1.0,0.7000000000000001,0.1
30,74.0,1.0,1.0,0.75,1.0,0.5060172456644583,1.0,0.7000000000000001,0.1
31,74.0,0.0,1.0,0.0,0.0,0.3151411237681922,0.0,0.7000000000000001,0.1
32,74.0,1.0,1.0,0.25,1.0,0.5838069668406971,1.0,0.7000000000000001,0.1
33,74.0,0.0,0.0,-0.25,1.0,0.22886592449936874,1.0,0.7000000000000001,0.1
34,74.0,1.0,1.0,0.0,0.0,0.6427413774409598,1.0,0.7000000000000001,0.1
35,74.0,1.0,1.0,0.0,0.0,0.7112850793753424,1.0,0.7000000000000001,0.1
36,74.0,1.0,1.0,0.0,0.0,0.7112850793753422,1.0,0.7000000000000001,0.1
37,74.0,1.0,1.0,0.0,0.0,0.41198373443980124,1.0,0.7000000000000001,0.1
38,74.0,1.0,1.0,0.0,1.0,0.8314341199236659,1.0,0.7000000000000001,0.1
39,74.0,1.0,1.0,0.75,1.0,0.5060172456644583,1.0,0.7000000000000001,0.1
40,74.0,1.0,1.0,0.0,1.0,0.8314341199236659,1.0,0.7000000000000001,0.1
41,74.0,0.0,0.0,-0.75,1.0,0.17960384219414513,0.0,0.7000000000000001,0.1
42,74.0,1.0,1.0,0.25,1.0,0.7245457473002742,1.0,0.7000000000000001,0.1
43,74.0,0.0,1.0,0.75,1.0,0.26404420583894944,1.0,0.7000000000000001,0.1
44,74.0,1.0,1.0,0.75,1.0,0.5838069668406971,0.0,0.7000000000000001,0.1
45,74.0,0.0,1.0,0.0,0.0,0.35166024816796626,0.0,0.7000000000000001,0.1
46,74.0,1.0,1.0,0.25,1.0,0.7245457473002743,1.0,0.7000000000000001,0.1
47,74.0,0.0,0.0,-0.25,1.0,0.15346173231113153,0.0,0.7000000000000001,0.1
48,74.0,0.0,1.0,0.0,0.0,0.384170338097166,0.0,0.7000000000000001,0.1
49,74.0,1.0,1.0,0.75,1.0,0.4279350914834288,0.0,0.7000000000000001,0.1
50,74.0,1.0,1.0,0.0,1.0,0.8314341199236659,1.0,0.7000000000000001,0.1
51,74.0,1.0,1.0,0.5,1.0,0.5060172456644583,0.0,0.7000000000000001,0.1
52,74.0,0.0,1.0,0.5,1.0,0.39977695442744376,0.0,0.7000000000000001,0.1
53,74.0,0.0,1.0,0.75,1.0,0.35328467843999994,0.0,0.7000000000000001,0.1
54,74.0,1.0,1.0,0.5,1.0,0.5060172456644583,0.0,0.7000000000000001,0.1
55,74.0,1.0,1.0,0.0,1.0,0.7827006447833149,1.0,0.7000000000000001,0.1
56,74.0,1.0,1.0,0.0,1.0,0.7827006447833149,1.0,0.7000000000000001,0.1
57,74.0,1.0,0.0,-0.75,1.0,0.230643236188999,0.0,0.7000000000000001,0.1
58,74.0,1.0,0.0,-0.5,1.0,0.2611037221868902,0.0,0.7000000000000001,0.1
59,74.0,1.0,1.0,0.25,1.0,0.782700644783315,1.0,0.7000000000000001,0.1
60,74.0,0.0,0.0,-0.25,1.0,0.211026522650079,0.0,0.7000000000000001,0.1
61,74.0,1.0,1.0,0.0,0.0,0.6427413774409597,1.0,0.7000000000000001,0.1
62,74.0,0.0,1.0,0.5,1.0,0.32944364560942024,0.0,0.7000000000000001,0.1
63,74.0,0.0,1.0,0.75,1.0,0.32722881080558164,0.0,0.7000000000000001,0.1
64,74.0,0.0,0.0,-0.25,1.0,0.22886592449936874,0.0,0.7000000000000001,0.1
65,74.0,1.0,1.0,0.5,1.0,0.5060172456644583,0.0,0.7000000000000001,0.1
66,74.0,1.0,0.0,-0.25,1.0,0.5106679845974559,0.0,0.7000000000000001,0.1
67,74.0,1.0,1.0,0.75,1.0,0.4279350914834288,0.0,0.7000000000000001,0.1
68,74.0,1.0,1.0,0.0,1.0,0.8314341199236659,1.0,0.7000000000000001,0.1
69,74.0,0.0,0.0,-0.25,1.0,0.20512082770803008,0.0,0.7000000000000001,0.1
70,74.0,1.0,0.0,-0.25,1.0,0.28897347734992096,0.0,0.7000000000000001,0.1
71,74.0,0.0,0.0,0.0,1.0,0.25,0.0,0.7000000000000001,0.1
72,74.0,0.0,0.0,-0.75,1.0,0.10423565787965534,1.0,0.7000000000000001,0.1
73,74.0,1.0,1.0,0.75,1.0,0.4279350914834288,0.0,0.7000000000000001,0.1
74,74.0,1.0,0.0,-0.25,1.0,0.22886592449936874,1.0,0.7000000000000001,0.1
75,74.0,0.0,0.0,0.0,1.0,0.22886592449936874,0.0,0.7000000000000001,0.1
76,74.0,1.0,1.0,0.75,1.0,0.6576349181588984,1.0,0.7000000000000001,0.1
77,74.0,0.0,0.0,-0.25,1.0,0.20512082770803008,0.0,0.7000000000000001,0.1
78,74.0,1.0,1.0,0.0,0.0,0.48964656446243715,0.0,0.7000000000000001,0.1
79,74.0,0.0,1.0,0.5,1.0,0.32944364560942013,1.0,0.7000000000000001,0.1
80,74.0,1.0,1.0,0.75,1.0,0.5060172456644583,0.0,0.7000000000000001,0.1
81,74.0,1.0,1.0,0.75,1.0,0.4279350914834288,1.0,0.7000000000000001,0.1
82,74.0,0.0,0.0,-0.25,1.0,0.15346173231113153,0.0,0.7000000000000001,0.1
83,74.0,1.0,1.0,0.0,1.0,0.8314341199236659,1.0,0.7000000000000001,0.1
84,74.0,1.0,1.0,0.5,1.0,0.4279350914834288,0.0,0.7000000000000001,0.1
85,74.0,0.0,0.0,-0.25,1.0,0.20512082770803008,0.0,0.7000000000000001,0.1
86,74.0,0.0,0.0,-0.25,1.0,0.22886592449936874,0.0,0.7000000000000001,0.1
87,74.0,0.0,0.0,0.0,1.0,0.25,0.0,0.7000000000000001,0.1
88,74.0,0.0,1.0,0.0,0.0,0.384170338097166,0.0,0.7000000000000001,0.1
89,74.0,0.0,0.0,-0.75,1.0,0.155207564078701,0.0,0.7000000000000001,0.1
0,76.0,1.0,1.0,0.0,0.0,0.7663316864745272,1.0,0.7000000000000001,0.1
1,76.0,1.0,1.0,0.0,0.0,0.664403135711655,0.0,0.7000000000000001,0.1
2,76.0,1.0,0.0,-0.5,1.0,0.25880740572410815,0.0,0.7000000000000001,0.1
3,76.0,1.0,1.0,0.75,1.0,0.5496545596906165,0.0,0.7000000000000001,0.1
4,76.0,0.0,1.0,0.0,0.0,0.49508469051217857,1.0,0.7000000000000001,0.1
5,76.0,0.0,0.0,-0.25,1.0,0.13252419733062068,0.0,0.7000000000000001,0.1
6,76.0,0.0,0.0,-0.75,1.0,0.13252419733062068,1.0,0.7000000000000001,0.1
7,76.0,1.0,1.0,0.0,0.0,0.7663316864745272,1.0,0.7000000000000001,0.1
8,76.0,0.0,0.0,-0.25,1.0,0.21475150514909405,0.0,0.7000000000000001,0.1
9,76.0,1.0,1.0,0.0,0.0,0.544443516964249,0.0,0.7000000000000001,0.1
10,76.0,1.0,1.0,0.75,1.0,0.8472867231246157,1.0,0.7000000000000001,0.1
11,76.0,1.0,1.0,0.75,1.0,0.5496545596906165,1.0,0.7000000000000001,0.1
12,76.0,0.0,0.0,-1.0,1.0,0.09496398709839245,0.0,0.7000000000000001,0.1
13,76.0,0.0,1.0,0.5,1.0,0.5496545596906165,0.0,0.7000000000000001,0.1
14,76.0,0.0,0.0,-0.25,1.0,0.1882144069343299,0.0,0.7000000000000001,0.1
15,76.0,0.0,0.0,-0.25,1.0,0.1882144069343299,1.0,0.7000000000000001,0.1
16,76.0,1.0,1.0,0.0,1.0,0.9018729839062579,1.0,0.7000000000000001,0.1
17,76.0,0.0,0.0,-0.75,1.0,0.13252419733062068,0.0,0.7000000000000001,0.1
18,76.0,1.0,1.0,0.75,1.0,0.5496545596906165,0.0,0.7000000000000001,0.1
19,76.0,1.0,1.0,0.25,1.0,0.9018729839062578,1.0,0.7000000000000001,0.1
20,76.0,0.0,1.0,0.0,0.0,0.49508469051217857,1.0,0.7000000000000001,0.1
21,76.0,0.0,1.0,0.0,0.0,0.544443516964249,1.0,0.7000000000000001,0.1
22,76.0,0.0,0.0,0.0,1.0,0.25,1.0,0.7000000000000001,0.1
23,76.0,1.0,1.0,0.0,0.0,0.8999960230460722,1.0,0.7000000000000001,0.1
24,76.0,0.0,0.0,-0.25,1.0,0.1882144069343299,0.0,0.7000000000000001,0.1
25,76.0,0.0,0.0,0.0,1.0,0.25,0.0,0.7000000000000001,0.1
26,76.0,1.0,1.0,0.25,1.0,0.7700764659073164,1.0,0.7000000000000001,0.1
27,76.0,0.0,1.0,0.25,1.0,0.6690760297479851,1.0,0.7000000000000001,0.1
28,76.0,0.0,0.0,-0.75,1.0,0.06462331274977107,0.0,0.7000000000000001,0.1
29,76.0,0.0,1.0,0.75,1.0,0.31783115648558785,0.0,0.7000000000000001,0.1
30,76.0,1.0,0.0,0.0,1.0,0.602427408008138,0.0,0.7000000000000001,0.1
31,76.0,0.0,1.0,0.0,0.0,0.49508469051217857,0.0,0.7000000000000001,0.1
32,76.0,0.0,0.0,-0.75,1.0,0.13252419733062068,1.0,0.7000000000000001,0.1
33,76.0,0.0,0.0,-0.25,1.0,0.1882144069343299,0.0,0.7000000000000001,0.1
34,76.0,1.0,1.0,0.0,0.0,0.8445456164215099,1.0,0.7000000000000001,0.1
35,76.0,0.0,1.0,0.0,0.0,0.49508469051217857,1.0,0.7000000000000001,0.1
36,76.0,1.0,1.0,0.0,0.0,0.7663316864745272,1.0,0.7000000000000001,0.1
37,76.0,1.0,1.0,0.0,0.0,0.8445456164215099,1.0,0.7000000000000001,0.1
38,76.0,1.0,1.0,0.0,1.0,0.9618627003578222,1.0,0.7000000000000001,0.1
39,76.0,1.0,1.0,0.0,1.0,0.9618627003578222,1.0,0.7000000000000001,0.1
40,76.0,1.0,0.0,-0.75,1.0,0.13252419733062068,0.0,0.7000000000000001,0.1
41,76.0,0.0,0.0,-0.25,1.0,0.17409044607744215,1.0,0.7000000000000001,0.1
42,76.0,0.0,0.0,-0.75,1.0,0.09496398709839245,0.0,0.7000000000000001,0.1
43,76.0,0.0,1.0,0.25,1.0,0.6690760297479851,0.0,0.7000000000000001,0.1
44,76.0,1.0,1.0,0.75,1.0,0.4242235550377982,1.0,0.7000000000000001,0.1
45,76.0,0.0,1.0,0.0,0.0,0.544443516964249,1.0,0.7000000000000001,0.1
46,76.0,1.0,1.0,0.25,1.0,0.9018729839062578,1.0,0.7000000000000001,0.1
47,76.0,0.0,0.0,-0.25,1.0,0.21475150514909405,0.0,0.7000000000000001,0.1
48,76.0,0.0,1.0,0.0,0.0,0.49508469051217857,0.0,0.7000000000000001,0.1
49,76.0,0.0,0.0,-0.25,1.0,0.21475150514909405,1.0,0.7000000000000001,0.1
50,76.0,0.0,1.0,0.75,1.0,0.4242235550377982,0.0,0.7000000000000001,0.1
51,76.0,1.0,1.0,0.25,1.0,0.7700764659073164,1.0,0.7000000000000001,0.1
52,76.0,0.0,1.0,0.25,1.0,0.6690760297479851,1.0,0.7000000000000001,0.1
53,76.0,0.0,0.0,-0.75,1.0,0.09496398709839245,0.0,0.7000000000000001,0.1
54,76.0,1.0,1.0,0.25,1.0,0.6690760297479851,1.0,0.7000000000000001,0.1
55,76.0,1.0,0.0,-0.25,1.0,0.3117855930656701,0.0,0.7000000000000001,0.1
56,76.0,1.0,1.0,0.0,1.0,0.938367072718308,1.0,0.7000000000000001,0.1
57,76.0,0.0,1.0,0.75,1.0,0.37675014590237066,0.0,0.7000000000000001,0.1
58,76.0,1.0,1.0,0.0,1.0,0.9383670727183079,1.0,0.7000000000000001,0.1
59,76.0,0.0,0.0,-0.75,1.0,0.12191647975109418,0.0,0.7000000000000001,0.1
60,76.0,0.0,0.0,-0.75,1.0,0.04225788442955427,0.0,0.7000000000000001,0.1
61,76.0,1.0,1.0,0.0,0.0,0.544443516964249,0.0,0.7000000000000001,0.1
62,76.0,0.0,0.0,-0.75,1.0,0.06462331274977107,0.0,0.7000000000000001,0.1
63,76.0,0.0,0.0,-0.25,1.0,0.21475150514909405,0.0,0.7000000000000001,0.1
64,76.0,0.0,0.0,0.0,1.0,0.21475150514909405,0.0,0.7000000000000001,0.1
65,76.0,1.0,1.0,0.75,1.0,0.5496545596906165,0.0,0.7000000000000001,0.1
66,76.0,1.0,1.0,0.75,1.0,0.5496545596906165,1.0,0.7000000000000001,0.1
67,76.0,0.0,0.0,-0.75,1.0,0.09496398709839245,1.0,0.7000000000000001,0.1
68,76.0,0.0,1.0,0.75,1.0,0.4242235550377982,0.0,0.7000000000000001,0.1
69,76.0,1.0,1.0,0.25,1.0,0.8472867231246157,1.0,0.7000000000000001,0.1
70,76.0,0.0,0.0,-0.25,1.0,0.17409044607744215,0.0,0.7000000000000001,0.1
71,76.0,0.0,1.0,0.75,1.0,0.37675014590237066,0.0,0.7000000000000001,0.1
72,76.0,0.0,0.0,-0.75,1.0,0.13252419733062068,0.0,0.7000000000000001,0.1
73,76.0,0.0,0.0,-0.25,1.0,0.21475150514909405,1.0,0.7000000000000001,0.1
74,76.0,0.0,0.0,0.0,1.0,0.25,1.0,0.7000000000000001,0.1
75,76.0,1.0,1.0,0.25,1.0,0.8472867231246157,0.0,0.7000000000000001,0.1
76,76.0,1.0,1.0,0.25,1.0,0.7700764659073164,1.0,0.7000000000000001,0.1
77,76.0,0.0,0.0,-0.25,1.0,0.17409044607744215,1.0,0.7000000000000001,0.1
78,76.0,1.0,1.0,0.0,0.0,0.664403135711655,1.0,0.7000000000000001,0.1
79,76.0,1.0,0.0,-0.25,1.0,0.3117855930656701,1.0,0.7000000000000001,0.1
80,76.0,1.0,0.0,-0.75,1.0,0.20196010795781646,0.0,0.7000000000000001,0.1
81,76.0,1.0,1.0,0.75,1.0,0.5496545596906165,1.0,0.7000000000000001,0.1
82,76.0,1.0,1.0,0.0,1.0,0.9618627003578222,1.0,0.7000000000000001,0.1
83,76.0,1.0,1.0,0.75,1.0,0.6690760297479851,1.0,0.7000000000000001,0.1
84,76.0,0.0,0.0,0.0,1.0,0.21475150514909405,1.0,0.7000000000000001,0.1
85,76.0,0.0,1.0,0.0,1.0,0.733183852988115,1.0,0.7000000000000001,0.1
86,76.0,0.0,0.0,0.0,1.0,0.21475150514909405,1.0,0.7000000000000001,0.1
87,76.0,1.0,1.0,0.25,1.0,0.7700764659073164,1.0,0.7000000000000001,0.1
88,76.0,1.0,1.0,0.0,0.0,0.8445456164215099,0.0,0.7000000000000001,0.1
89,76.0,1.0,0.0,-0.25,1.0,0.42872605661701,0.0,0.7000000000000001,0.1
0,77.0,1.0,1.0,0.0,0.0,0.8701201541239502,1.0,0.7000000000000001,0.1
1,77.0,1.0,1.0,0.0,0.0,0.7600086684423032,0.0,0.7000000000000001,0.1
2,77.0,0.0,1.0,0.5,1.0,0.536165672538997,1.0,0.7000000000000001,0.1
3,77.0,0.0,0.0,-0.5,1.0,0.10340958266223933,0.0,0.7000000000000001,0.1
4,77.0,0.0,1.0,0.0,0.0,0.565153152952572,0.0,0.7000000000000001,0.1
5,77.0,0.0,1.0,0.25,1.0,0.6025317951362196,1.0,0.7000000000000001,0.1
6,77.0,1.0,1.0,0.5,1.0,0.536165672538997,0.0,0.7000000000000001,0.1
7,77.0,0.0,1.0,0.0,0.0,0.565153152952572,1.0,0.7000000000000001,0.1
8,77.0,0.0,0.0,-0.5,1.0,0.15932781797247555,0.0,0.7000000000000001,0.1
9,77.0,1.0,1.0,0.0,0.0,0.7600086684423032,1.0,0.7000000000000001,0.1
10,77.0,0.0,0.0,-0.75,1.0,0.10340958266223935,0.0,0.7000000000000001,0.1
11,77.0,0.0,0.0,-0.75,1.0,0.10340958266223935,0.0,0.7000000000000001,0.1
12,77.0,0.0,0.0,-0.5,1.0,0.1771665295811206,1.0,0.7000000000000001,0.1
13,77.0,1.0,1.0,0.25,1.0,0.8107952848951558,1.0,0.7000000000000001,0.1
14,77.0,1.0,1.0,0.25,1.0,0.8604713246745163,1.0,0.7000000000000001,0.1
15,77.0,0.0,1.0,0.5,1.0,0.4274811067993555,0.0,0.7000000000000001,0.1
16,77.0,1.0,1.0,0.25,1.0,0.8604713246745164,0.0,0.7000000000000001,0.1
17,77.0,0.0,0.0,-0.25,1.0,0.21589128773533672,0.0,0.7000000000000001,0.1
18,77.0,0.0,0.0,-0.5,1.0,0.13818225185300384,0.0,0.7000000000000001,0.1
19,77.0,0.0,1.0,0.5,1.0,0.48844090143841695,1.0,0.7000000000000001,0.1
20,77.0,0.0,1.0,0.0,0.0,0.5651531529525718,0.0,0.7000000000000001,0.1
21,77.0,0.0,1.0,0.0,0.0,0.5177281818842006,1.0,0.7000000000000001,0.1
22,77.0,0.0,0.0,-0.5,1.0,0.17716652958112064,0.0,0.7000000000000001,0.1
23,77.0,1.0,1.0,0.0,0.0,0.8701201541239502,1.0,0.7000000000000001,0.1
24,77.0,0.0,0.0,-0.5,1.0,0.15932781797247555,0.0,0.7000000000000001,0.1
25,77.0,0.0,0.0,-0.25,1.0,0.189972428172338,0.0,0.7000000000000001,0.1
26,77.0,1.0,0.0,-0.5,1.0,0.3628034684947277,1.0,0.7000000000000001,0.1
27,77.0,1.0,1.0,0.25,1.0,0.8107952848951556,1.0,0.7000000000000001,0.1
28,77.0,1.0,1.0,0.0,1.0,0.9150114684020074,1.0,0.7000000000000001,0.1
29,77.0,1.0,1.0,0.25,1.0,0.8604713246745164,1.0,0.7000000000000001,0.1
30,77.0,0.0,0.0,-0.75,1.0,0.13818225185300384,0.0,0.7000000000000001,0.1
31,77.0,1.0,1.0,0.0,0.0,0.7600086684423031,1.0,0.7000000000000001,0.1
32,77.0,0.0,0.0,-0.25,1.0,0.1771665295811206,1.0,0.7000000000000001,0.1
33,77.0,0.0,0.0,-0.75,1.0,0.1270844990925665,0.0,0.7000000000000001,0.1
34,77.0,1.0,1.0,0.0,0.0,0.8701201541239502,1.0,0.7000000000000001,0.1
35,77.0,0.0,1.0,0.0,0.0,0.5177281818842004,0.0,0.7000000000000001,0.1
36,77.0,1.0,1.0,0.0,0.0,0.8701201541239499,1.0,0.7000000000000001,0.1
37,77.0,1.0,1.0,0.0,0.0,0.6725284130011403,0.0,0.7000000000000001,0.1
38,77.0,0.0,1.0,0.5,1.0,0.488440901438417,0.0,0.7000000000000001,0.1
39,77.0,1.0,1.0,0.0,1.0,0.8936418757100946,1.0,0.7000000000000001,0.1
40,77.0,1.0,0.0,-0.75,1.0,0.2073969314897672,0.0,0.7000000000000001,0.1
41,77.0,1.0,1.0,0.0,1.0,0.8936418757100946,0.0,0.7000000000000001,0.1
42,77.0,0.0,1.0,0.5,1.0,0.536165672538997,0.0,0.7000000000000001,0.1
43,77.0,1.0,0.0,-0.5,1.0,0.2600167666741383,0.0,0.7000000000000001,0.1
44,77.0,1.0,1.0,0.25,1.0,0.8604713246745163,1.0,0.7000000000000001,0.1
45,77.0,0.0,1.0,0.0,0.0,0.5177281818842004,0.0,0.7000000000000001,0.1
46,77.0,1.0,1.0,0.0,1.0,0.8936418757100946,1.0,0.7000000000000001,0.1
47,77.0,0.0,0.0,-0.25,1.0,0.21589128773533672,0.0,0.7000000000000001,0.1
48,77.0,0.0,1.0,0.0,0.0,0.5177281818842004,0.0,0.7000000000000001,0.1
49,77.0,0.0,0.0,-0.25,1.0,0.21589128773533672,0.0,0.7000000000000001,0.1
50,77.0,0.0,0.0,-0.5,1.0,0.13818225185300387,0.0,0.7000000000000001,0.1
51,77.0,0.0,1.0,0.5,1.0,0.4274811067993555,1.0,0.7000000000000001,0.1
52,77.0,1.0,1.0,0.0,1.0,0.8936418757100946,1.0,0.7000000000000001,0.1
53,77.0,0.0,0.0,-0.25,1.0,0.1771665295811206,0.0,0.7000000000000001,0.1
54,77.0,1.0,1.0,0.0,1.0,0.9150114684020073,1.0,0.7000000000000001,0.1
55,77.0,0.0,0.0,-0.5,1.0,0.10340958266223933,0.0,0.7000000000000001,0.1
56,77.0,0.0,0.0,-0.25,1.0,0.1771665295811206,1.0,0.7000000000000001,0.1
57,77.0,0.0,0.0,-0.25,1.0,0.17716652958112064,0.0,0.7000000000000001,0.1
58,77.0,1.0,1.0,0.25,1.0,0.8604713246745163,0.0,0.7000000000000001,0.1
59,77.0,1.0,1.0,0.0,1.0,0.8936418757100946,1.0,0.7000000000000001,0.1
60,77.0,0.0,0.0,-0.25,1.0,0.18997242817233803,0.0,0.7000000000000001,0.1
61,77.0,0.0,1.0,0.0,0.0,0.5177281818842004,0.0,0.7000000000000001,0.1
62,77.0,0.0,1.0,0.25,1.0,0.6025317951362196,1.0,0.7000000000000001,0.1
63,77.0,0.0,0.0,-0.5,1.0,0.13818225185300384,0.0,0.7000000000000001,0.1
64,77.0,0.0,1.0,0.75,1.0,0.4177729558597964,0.0,0.7000000000000001,0.1
65,77.0,0.0,0.0,-0.25,1.0,0.21589128773533672,1.0,0.7000000000000001,0.1
66,77.0,0.0,0.0,-0.5,1.0,0.10340958266223935,0.0,0.7000000000000001,0.1
67,77.0,0.0,1.0,0.75,1.0,0.4177729558597963,1.0,0.7000000000000001,0.1
68,77.0,1.0,1.0,0.0,1.0,0.9150114684020073,1.0,0.7000000000000001,0.1
69,77.0,0.0,0.0,-0.5,1.0,0.1771665295811206,0.0,0.7000000000000001,0.1
70,77.0,0.0,0.0,-0.75,1.0,0.10340958266223933,0.0,0.7000000000000001,0.1
71,77.0,0.0,0.0,-0.75,1.0,0.07558588367482778,0.0,0.7000000000000001,0.1
72,77.0,0.0,0.0,-0.5,1.0,0.17716652958112064,0.0,0.7000000000000001,0.1
73,77.0,0.0,0.0,-0.25,1.0,0.13818225185300384,0.0,0.7000000000000001,0.1
74,77.0,1.0,0.0,-0.25,1.0,0.21589128773533672,1.0,0.7000000000000001,0.1
75,77.0,0.0,0.0,-0.25,1.0,0.17716652958112064,0.0,0.7000000000000001,0.1
76,77.0,0.0,0.0,-0.75,1.0,0.1270844990925665,0.0,0.7000000000000001,0.1
77,77.0,0.0,0.0,-0.5,1.0,0.15932781797247553,0.0,0.7000000000000001,0.1
78,77.0,1.0,1.0,0.0,0.0,0.5651531529525718,0.0,0.7000000000000001,0.1
79,77.0,1.0,0.0,-0.5,1.0,0.3628034684947277,1.0,0.7000000000000001,0.1
80,77.0,0.0,0.0,-0.75,1.0,0.1270844990925665,0.0,0.7000000000000001,0.1
81,77.0,0.0,1.0,0.5,1.0,0.488440901438417,0.0,0.7000000000000001,0.1
82,77.0,1.0,0.0,-0.75,1.0,0.4045221989795368,1.0,0.7000000000000001,0.1
83,77.0,0.0,0.0,-0.25,1.0,0.1771665295811206,1.0,0.7000000000000001,0.1
84,77.0,0.0,1.0,0.75,1.0,0.3167011408497021,0.0,0.7000000000000001,0.1
85,77.0,1.0,1.0,0.25,1.0,0.8936418757100945,1.0,0.7000000000000001,0.1
86,77.0,0.0,1.0,0.5,1.0,0.488440901438417,1.0,0.7000000000000001,0.1
87,77.0,0.0,0.0,-0.5,1.0,0.17716652958112064,0.0,0.7000000000000001,0.1
88,77.0,1.0,1.0,0.0,0.0,0.6725284130011404,1.0,0.7000000000000001,0.1
89,77.0,1.0,0.0,-0.25,1.0,0.21589128773533672,0.0,0.7000000000000001,0.1
0,79.0,1.0,1.0,0.0,0.0,0.925111716926615,1.0,0.7000000000000001,0.1
1,79.0,0.0,1.0,0.0,0.0,0.4780720114600765,0.0,0.7000000000000001,0.1
2,79.0,1.0,1.0,0.75,1.0,0.8324191563584777,1.0,0.7000000000000001,0.1
3,79.0,0.0,0.0,-0.25,1.0,0.20808615497926325,0.0,0.7000000000000001,0.1
4,79.0,1.0,1.0,0.0,0.0,0.6772296083108438,0.0,0.7000000000000001,0.1
5,79.0,0.0,0.0,-0.75,1.0,0.07336087674193391,1.0,0.7000000000000001,0.1
6,79.0,1.0,0.0,-0.25,1.0,0.6073883686854329,1.0,0.7000000000000001,0.1
7,79.0,1.0,1.0,0.0,0.0,0.8724690122952093,1.0,0.7000000000000001,0.1
8,79.0,1.0,0.0,-0.25,1.0,0.3217914647346708,1.0,0.7000000000000001,0.1
9,79.0,1.0,1.0,0.0,0.0,0.925111716926615,1.0,0.7000000000000001,0.1
10,79.0,0.0,0.0,-0.25,1.0,0.17820853526532918,0.0,0.7000000000000001,0.1
11,79.0,0.0,0.0,-0.25,1.0,0.17820853526532918,1.0,0.7000000000000001,0.1
12,79.0,0.0,0.0,-0.25,1.0,0.20808615497926322,0.0,0.7000000000000001,0.1
13,79.0,0.0,0.0,-0.25,1.0,0.20808615497926325,0.0,0.7000000000000001,0.1
14,79.0,1.0,0.0,-0.25,1.0,0.3217914647346708,0.0,0.7000000000000001,0.1
15,79.0,0.0,0.0,-0.75,1.0,0.07336087674193391,0.0,0.7000000000000001,0.1
16,79.0,1.0,0.0,-0.25,1.0,0.6073883686854329,1.0,0.7000000000000001,0.1
17,79.0,1.0,1.0,0.75,1.0,0.45760760038436354,1.0,0.7000000000000001,0.1
18,79.0,1.0,0.0,-0.25,1.0,0.6073883686854329,1.0,0.7000000000000001,0.1
19,79.0,1.0,1.0,0.0,1.0,0.9669369876055315,1.0,0.7000000000000001,0.1
20,79.0,0.0,1.0,0.0,0.0,0.4780720114600765,0.0,0.7000000000000001,0.1
21,79.0,0.0,1.0,0.0,0.0,0.5374596429020934,0.0,0.7000000000000001,0.1
22,79.0,0.0,0.0,-0.25,1.0,0.15973014996859616,0.0,0.7000000000000001,0.1
23,79.0,1.0,1.0,0.0,0.0,0.8724690122952092,1.0,0.7000000000000001,0.1
24,79.0,0.0,0.0,-0.25,1.0,0.15973014996859616,0.0,0.7000000000000001,0.1
25,79.0,0.0,0.0,0.0,1.0,0.20808615497926322,1.0,0.7000000000000001,0.1
26,79.0,1.0,1.0,0.75,1.0,0.8324191563584777,1.0,0.7000000000000001,0.1
27,79.0,1.0,0.0,-0.25,1.0,0.3217914647346708,1.0,0.7000000000000001,0.1
28,79.0,1.0,1.0,0.75,1.0,0.6037157277606997,1.0,0.7000000000000001,0.1
29,79.0,0.0,0.0,-0.25,1.0,0.20808615497926325,0.0,0.7000000000000001,0.1
30,79.0,1.0,1.0,0.0,1.0,0.8996931275223109,1.0,0.7000000000000001,0.1
31,79.0,1.0,1.0,0.0,0.0,0.6772296083108437,0.0,0.7000000000000001,0.1
32,79.0,1.0,1.0,0.75,1.0,0.8996931275223109,1.0,0.7000000000000001,0.1
33,79.0,1.0,0.0,-0.25,1.0,0.20808615497926325,0.0,0.7000000000000001,0.1
34,79.0,0.0,1.0,0.0,0.0,0.4780720114600765,1.0,0.7000000000000001,0.1
35,79.0,0.0,1.0,0.0,0.0,0.4780720114600765,0.0,0.7000000000000001,0.1
36,79.0,1.0,1.0,0.0,0.0,0.8724690122952092,1.0,0.7000000000000001,0.1
37,79.0,0.0,1.0,0.0,0.0,0.4780720114600765,0.0,0.7000000000000001,0.1
38,79.0,1.0,1.0,0.25,1.0,0.9669369876055314,1.0,0.7000000000000001,0.1
39,79.0,1.0,1.0,0.25,1.0,0.941847189013148,1.0,0.7000000000000001,0.1
40,79.0,1.0,1.0,0.0,1.0,0.9669369876055314,1.0,0.7000000000000001,0.1
41,79.0,0.0,0.0,-0.25,1.0,0.15973014996859616,0.0,0.7000000000000001,0.1
42,79.0,0.0,1.0,0.75,1.0,0.39942397491320103,1.0,0.7000000000000001,0.1
43,79.0,0.0,0.0,-0.25,1.0,0.15973014996859616,0.0,0.7000000000000001,0.1
44,79.0,1.0,0.0,-0.25,1.0,0.3217914647346708,0.0,0.7000000000000001,0.1
45,79.0,1.0,1.0,0.0,0.0,0.6772296083108437,1.0,0.7000000000000001,0.1
46,79.0,1.0,1.0,0.0,1.0,0.9669369876055314,1.0,0.7000000000000001,0.1
47,79.0,1.0,1.0,0.75,1.0,0.6037157277606997,0.0,0.7000000000000001,0.1
48,79.0,1.0,1.0,0.0,0.0,0.6772296083108437,0.0,0.7000000000000001,0.1
49,79.0,0.0,0.0,-0.25,1.0,0.15973014996859616,0.0,0.7000000000000001,0.1
50,79.0,1.0,1.0,0.0,1.0,0.9669369876055314,1.0,0.7000000000000001,0.1
51,79.0,1.0,1.0,0.75,1.0,0.6037157277606997,1.0,0.7000000000000001,0.1
52,79.0,1.0,1.0,0.0,1.0,0.9669369876055314,1.0,0.7000000000000001,0.1
53,79.0,0.0,0.0,-0.5,1.0,0.14151756629996895,1.0,0.7000000000000001,0.1
54,79.0,1.0,1.0,0.75,1.0,0.6037157277606997,1.0,0.7000000000000001,0.1
55,79.0,0.0,0.0,-0.25,1.0,0.17820853526532918,1.0,0.7000000000000001,0.1
56,79.0,1.0,0.0,-0.25,1.0,0.3217914647346708,1.0,0.7000000000000001,0.1
57,79.0,0.0,0.0,-0.25,1.0,0.17820853526532918,0.0,0.7000000000000001,0.1
58,79.0,0.0,0.0,-0.25,1.0,0.20808615497926325,1.0,0.7000000000000001,0.1
59,79.0,1.0,1.0,0.0,1.0,0.9814154891601903,1.0,0.7000000000000001,0.1
60,79.0,1.0,1.0,0.75,1.0,0.6037157277606997,1.0,0.7000000000000001,0.1
61,79.0,1.0,1.0,0.0,0.0,0.5374596429020934,0.0,0.7000000000000001,0.1
62,79.0,1.0,1.0,0.25,1.0,0.941847189013148,1.0,0.7000000000000001,0.1
63,79.0,0.0,0.0,-0.25,1.0,0.17820853526532918,1.0,0.7000000000000001,0.1
64,79.0,0.0,1.0,0.75,1.0,0.39942397491320103,1.0,0.7000000000000001,0.1
65,79.0,1.0,0.0,-0.25,1.0,0.3217914647346708,1.0,0.7000000000000001,0.1
66,79.0,0.0,0.0,-0.25,1.0,0.15973014996859616,0.0,0.7000000000000001,0.1
67,79.0,1.0,1.0,0.75,1.0,0.6037157277606997,0.0,0.7000000000000001,0.1
68,79.0,1.0,1.0,0.25,1.0,0.941847189013148,1.0,0.7000000000000001,0.1
69,79.0,0.0,1.0,0.75,1.0,0.39942397491320103,1.0,0.7000000000000001,0.1
70,79.0,0.0,0.0,-0.25,1.0,0.07336087674193391,0.0,0.7000000000000001,0.1
71,79.0,1.0,1.0,0.75,1.0,0.6037157277606997,1.0,0.7000000000000001,0.1
72,79.0,0.0,0.0,-0.25,1.0,0.17820853526532918,0.0,0.7000000000000001,0.1
73,79.0,0.0,1.0,0.75,1.0,0.39942397491320103,0.0,0.7000000000000001,0.1
74,79.0,1.0,1.0,0.0,1.0,0.8324191563584777,1.0,0.7000000000000001,0.1
75,79.0,0.0,0.0,-0.25,1.0,0.17820853526532918,0.0,0.7000000000000001,0.1
76,79.0,0.0,0.0,-0.25,1.0,0.20808615497926322,0.0,0.7000000000000001,0.1
77,79.0,1.0,0.0,-0.25,1.0,0.20808615497926322,1.0,0.7000000000000001,0.1
78,79.0,0.0,1.0,0.0,0.0,0.4780720114600765,0.0,0.7000000000000001,0.1
79,79.0,1.0,1.0,0.75,1.0,0.6037157277606997,1.0,0.7000000000000001,0.1
80,79.0,1.0,1.0,0.75,1.0,0.6037157277606997,1.0,0.7000000000000001,0.1
81,79.0,1.0,0.0,-0.25,1.0,0.3217914647346708,1.0,0.7000000000000001,0.1
82,79.0,1.0,1.0,0.0,1.0,0.9669369876055314,1.0,0.7000000000000001,0.1
83,79.0,1.0,1.0,0.75,1.0,0.45760760038436354,0.0,0.7000000000000001,0.1
84,79.0,1.0,1.0,0.75,1.0,0.6037157277606997,0.0,0.7000000000000001,0.1
85,79.0,1.0,1.0,0.75,1.0,0.8996931275223109,1.0,0.7000000000000001,0.1
86,79.0,0.0,0.0,-0.25,1.0,0.15973014996859616,1.0,0.7000000000000001,0.1
87,79.0,0.0,0.0,-0.25,1.0,0.15973014996859616,1.0,0.7000000000000001,0.1
88,79.0,0.0,1.0,0.0,0.0,0.4780720114600765,0.0,0.7000000000000001,0.1
89,79.0,1.0,0.0,-0.25,1.0,0.3217914647346708,1.0,0.7000000000000001,0.1
0,80.0,1.0,1.0,0.0,0.0,0.6364240217152715,1.0,0.7000000000000001,0.1
1,80.0,1.0,1.0,0.0,0.0,0.6364240217152715,0.0,0.7000000000000001,0.1
2,80.0,1.0,0.0,-0.25,1.0,0.28966392169650845,0.0,0.7000000000000001,0.1
3,80.0,1.0,1.0,0.25,1.0,0.5900838930467773,1.0,0.7000000000000001,0.1
4,80.0,1.0,1.0,0.0,0.0,0.5596796476050809,1.0,0.7000000000000001,0.1
5,80.0,0.0,1.0,0.75,1.0,0.3286822076910857,0.0,0.7000000000000001,0.1
6,80.0,1.0,0.0,-0.25,1.0,0.28966392169650845,0.0,0.7000000000000001,0.1
7,80.0,0.0,1.0,0.0,0.0,0.340370565200754,0.0,0.7000000000000001,0.1
8,80.0,1.0,1.0,0.75,1.0,0.5900838930467773,0.0,0.7000000000000001,0.1
9,80.0,0.0,1.0,0.0,0.0,0.40127211342730623,0.0,0.7000000000000001,0.1
10,80.0,0.0,0.0,-0.25,1.0,0.1781955658794231,0.0,0.7000000000000001,0.1
11,80.0,1.0,0.0,-0.25,1.0,0.4361044200559415,1.0,0.7000000000000001,0.1
12,80.0,1.0,1.0,0.25,1.0,0.6647037349819223,1.0,0.7000000000000001,0.1
13,80.0,1.0,0.0,-0.5,1.0,0.40130178059164734,1.0,0.7000000000000001,0.1
14,80.0,1.0,1.0,0.25,1.0,0.7319113374503747,1.0,0.7000000000000001,0.1
15,80.0,1.0,0.0,-0.25,1.0,0.28966392169650845,1.0,0.7000000000000001,0.1
16,80.0,1.0,1.0,0.25,1.0,0.5110725573898818,0.0,0.7000000000000001,0.1
17,80.0,1.0,0.0,-0.25,1.0,0.28966392169650845,1.0,0.7000000000000001,0.1
18,80.0,1.0,0.0,-0.25,1.0,0.4361044200559415,1.0,0.7000000000000001,0.1
19,80.0,1.0,1.0,0.25,1.0,0.5900838930467773,1.0,0.7000000000000001,0.1
20,80.0,1.0,1.0,0.0,0.0,0.6364240217152715,0.0,0.7000000000000001,0.1
21,80.0,1.0,1.0,0.0,0.0,0.5596796476050809,1.0,0.7000000000000001,0.1
22,80.0,1.0,1.0,0.5,1.0,0.5110725573898818,0.0,0.7000000000000001,0.1
23,80.0,1.0,1.0,0.0,0.0,0.7067997289631839,1.0,0.7000000000000001,0.1
24,80.0,1.0,1.0,0.25,1.0,0.6647037349819223,0.0,0.7000000000000001,0.1
25,80.0,1.0,0.0,-0.75,1.0,0.36156532742751535,0.0,0.7000000000000001,0.1
26,80.0,1.0,0.0,-0.5,1.0,0.40130178059164734,0.0,0.7000000000000001,0.1
27,80.0,0.0,0.0,-0.5,1.0,0.15158746153791575,1.0,0.7000000000000001,0.1
28,80.0,1.0,0.0,-0.25,1.0,0.4361044200559415,1.0,0.7000000000000001,0.1
29,80.0,1.0,1.0,1.0,1.0,0.5110725573898818,1.0,0.7000000000000001,0.1
30,80.0,1.0,0.0,-0.25,1.0,0.28966392169650845,0.0,0.7000000000000001,0.1
31,80.0,1.0,1.0,0.0,0.0,0.6364240217152715,1.0,0.7000000000000001,0.1
32,80.0,0.0,0.0,-0.25,1.0,0.21033607830349155,0.0,0.7000000000000001,0.1
33,80.0,0.0,0.0,-0.25,1.0,0.21033607830349155,0.0,0.7000000000000001,0.1
34,80.0,1.0,1.0,0.0,0.0,0.4799725458881931,0.0,0.7000000000000001,0.1
35,80.0,0.0,1.0,0.0,0.0,0.37318276378941284,0.0,0.7000000000000001,0.1
36,80.0,1.0,1.0,0.0,0.0,0.4799725458881931,0.0,0.7000000000000001,0.1
37,80.0,1.0,1.0,0.0,0.0,0.6364240217152715,1.0,0.7000000000000001,0.1
38,80.0,1.0,0.0,-0.5,1.0,0.3273800611392795,1.0,0.7000000000000001,0.1
39,80.0,1.0,0.0,-0.25,1.0,0.28966392169650845,1.0,0.7000000000000001,0.1
40,80.0,1.0,1.0,0.25,1.0,0.5900838930467773,0.0,0.7000000000000001,0.1
41,80.0,0.0,0.0,-0.25,1.0,0.21033607830349155,0.0,0.7000000000000001,0.1
42,80.0,1.0,0.0,-0.25,1.0,0.3596226986310343,0.0,0.7000000000000001,0.1
43,80.0,0.0,0.0,-0.25,1.0,0.21033607830349155,0.0,0.7000000000000001,0.1
44,80.0,1.0,0.0,-0.25,1.0,0.3596226986310343,1.0,0.7000000000000001,0.1
45,80.0,0.0,1.0,0.0,0.0,0.37318276378941284,0.0,0.7000000000000001,0.1
46,80.0,1.0,0.0,-0.25,1.0,0.22845925859065586,0.0,0.7000000000000001,0.1
47,80.0,1.0,0.0,-0.25,1.0,0.28966392169650845,0.0,0.7000000000000001,0.1
48,80.0,1.0,1.0,0.0,0.0,0.4799725458881931,0.0,0.7000000000000001,0.1
49,80.0,0.0,0.0,-0.25,1.0,0.22845925859065586,0.0,0.7000000000000001,0.1
50,80.0,1.0,1.0,0.25,1.0,0.7319113374503747,0.0,0.7000000000000001,0.1
51,80.0,1.0,1.0,0.75,1.0,0.5110725573898818,1.0,0.7000000000000001,0.1
52,80.0,0.0,1.0,0.5,1.0,0.43150405862326846,0.0,0.7000000000000001,0.1
53,80.0,1.0,0.0,-0.25,1.0,0.3596226986310343,0.0,0.7000000000000001,0.1
54,80.0,1.0,1.0,0.75,1.0,0.5110725573898818,1.0,0.7000000000000001,0.1
55,80.0,1.0,1.0,0.25,1.0,0.6647037349819223,1.0,0.7000000000000001,0.1
56,80.0,1.0,0.0,-0.25,1.0,0.4361044200559415,0.0,0.7000000000000001,0.1
57,80.0,1.0,0.0,-0.25,1.0,0.3596226986310343,0.0,0.7000000000000001,0.1
58,80.0,1.0,1.0,1.0,1.0,0.5110725573898818,1.0,0.7000000000000001,0.1
59,80.0,1.0,1.0,0.25,1.0,0.7319113374503747,1.0,0.7000000000000001,0.1
60,80.0,0.0,0.0,-0.25,1.0,0.1781955658794231,0.0,0.7000000000000001,0.1
61,80.0,1.0,1.0,0.0,0.0,0.5596796476050809,0.0,0.7000000000000001,0.1
62,80.0,1.0,0.0,-0.25,1.0,0.28966392169650845,0.0,0.7000000000000001,0.1
63,80.0,1.0,1.0,0.5,1.0,0.5900838930467773,1.0,0.7000000000000001,0.1
64,80.0,1.0,1.0,0.75,1.0,0.43150405862326846,1.0,0.7000000000000001,0.1
65,80.0,1.0,0.0,-0.5,1.0,0.26113582872346935,0.0,0.7000000000000001,0.1
66,80.0,0.0,0.0,-0.5,1.0,0.15158746153791575,0.0,0.7000000000000001,0.1
67,80.0,0.0,0.0,-0.75,1.0,0.16697389937081458,0.0,0.7000000000000001,0.1
68,80.0,0.0,0.0,-0.25,1.0,0.20422597585677274,0.0,0.7000000000000001,0.1
69,80.0,0.0,0.0,-0.25,1.0,0.18962073632274817,1.0,0.7000000000000001,0.1
70,80.0,0.0,1.0,0.25,1.0,0.4814780235258329,0.0,0.7000000000000001,0.1
71,80.0,1.0,0.0,-0.25,1.0,0.28966392169650845,0.0,0.7000000000000001,0.1
72,80.0,1.0,1.0,0.25,1.0,0.7319113374503747,1.0,0.7000000000000001,0.1
73,80.0,0.0,0.0,-0.5,1.0,0.20422597585677274,0.0,0.7000000000000001,0.1
74,80.0,1.0,0.0,-0.25,1.0,0.4361044200559415,1.0,0.7000000000000001,0.1
75,80.0,1.0,1.0,0.25,1.0,0.6647037349819223,0.0,0.7000000000000001,0.1
76,80.0,1.0,1.0,0.75,1.0,0.5110725573898818,1.0,0.7000000000000001,0.1
77,80.0,0.0,0.0,-0.5,1.0,0.18962073632274817,0.0,0.7000000000000001,0.1
78,80.0,0.0,1.0,0.0,0.0,0.37318276378941284,0.0,0.7000000000000001,0.1
79,80.0,1.0,0.0,-0.25,1.0,0.4361044200559415,1.0,0.7000000000000001,0.1
80,80.0,0.0,0.0,-0.25,1.0,0.22845925859065586,0.0,0.7000000000000001,0.1
81,80.0,1.0,0.0,-0.5,1.0,0.3273800611392795,1.0,0.7000000000000001,0.1
82,80.0,0.0,0.0,-0.25,1.0,0.20422597585677274,0.0,0.7000000000000001,0.1
83,80.0,1.0,1.0,0.25,1.0,0.7319113374503747,1.0,0.7000000000000001,0.1
84,80.0,1.0,1.0,1.0,1.0,0.43150405862326846,1.0,0.7000000000000001,0.1
85,80.0,1.0,1.0,0.25,1.0,0.7319113374503747,0.0,0.7000000000000001,0.1
86,80.0,1.0,0.0,-0.25,1.0,0.3596226986310343,0.0,0.7000000000000001,0.1
87,80.0,0.0,0.0,-0.5,1.0,0.1781955658794231,0.0,0.7000000000000001,0.1
88,80.0,0.0,1.0,0.0,0.0,0.37318276378941284,0.0,0.7000000000000001,0.1
89,80.0,1.0,1.0,0.75,1.0,0.5900838930467773,0.0,0.7000000000000001,0.1
0,81.0,1.0,1.0,0.0,0.0,0.9114305870329168,1.0,0.7000000000000001,0.1
1,81.0,0.0,1.0,0.0,0.0,0.24458511720224807,0.0,0.7000000000000001,0.1
2,81.0,0.0,0.0,-0.25,1.0,0.20503883113032886,0.0,0.7000000000000001,0.1
3,81.0,0.0,0.0,0.0,1.0,0.15328963944728713,1.0,0.7000000000000001,0.1
4,81.0,0.0,1.0,0.0,0.0,0.3514210260220587,0.0,0.7000000000000001,0.1
5,81.0,1.0,1.0,0.0,1.0,0.9866021221329792,1.0,0.7000000000000001,0.1
6,81.0,1.0,1.0,0.5,1.0,0.9175826385133733,0.0,0.7000000000000001,0.1
7,81.0,1.0,1.0,0.0,0.0,0.9114305870329168,1.0,0.7000000000000001,0.1
8,81.0,1.0,1.0,0.0,1.0,0.9866021221329792,1.0,0.7000000000000001,0.1
9,81.0,1.0,1.0,0.0,0.0,0.911430587032917,1.0,0.7000000000000001,0.1
10,81.0,0.0,1.0,0.75,1.0,0.1572640560354864,1.0,0.7000000000000001,0.1
11,81.0,0.0,1.0,1.0,1.0,0.26987798764956866,1.0,0.7000000000000001,0.1
12,81.0,0.0,0.0,-0.25,1.0,0.1737845967284981,1.0,0.7000000000000001,0.1
13,81.0,0.0,0.0,0.0,1.0,0.06486874910514022,1.0,0.7000000000000001,0.1
14,81.0,0.0,0.0,-0.75,1.0,0.10401244745297226,1.0,0.7000000000000001,0.1
15,81.0,1.0,1.0,0.0,1.0,0.9751426233856391,1.0,0.7000000000000001,0.1
16,81.0,0.0,0.0,-0.75,1.0,0.03801428283246531,1.0,0.7000000000000001,0.1
17,81.0,1.0,1.0,0.0,1.0,0.9866021221329792,1.0,0.7000000000000001,0.1
18,81.0,0.0,1.0,0.0,1.0,0.8210861462780839,1.0,0.7000000000000001,0.1
19,81.0,1.0,1.0,0.0,1.0,0.9751426233856391,1.0,0.7000000000000001,0.1
20,81.0,0.0,1.0,0.0,0.0,0.3514210260220587,0.0,0.7000000000000001,0.1
21,81.0,0.0,1.0,0.0,0.0,0.6087366511469303,1.0,0.7000000000000001,0.1
22,81.0,1.0,1.0,0.25,1.0,0.9543352282234927,1.0,0.7000000000000001,0.1
23,81.0,1.0,1.0,0.0,0.0,0.6087366511469303,0.0,0.7000000000000001,0.1
24,81.0,0.0,0.0,0.0,1.0,0.25,1.0,0.7000000000000001,0.1
25,81.0,0.0,1.0,0.25,1.0,0.7097112911477906,1.0,0.7000000000000001,0.1
26,81.0,0.0,0.0,0.0,1.0,0.20503883113032892,1.0,0.7000000000000001,0.1
27,81.0,1.0,1.0,0.25,1.0,0.9751426233856391,1.0,0.7000000000000001,0.1
28,81.0,1.0,1.0,0.25,1.0,0.8557222028194988,1.0,0.7000000000000001,0.1
29,81.0,1.0,1.0,0.75,1.0,0.6273167076025997,1.0,0.7000000000000001,0.1
30,81.0,1.0,1.0,0.5,1.0,0.7595956361226401,1.0,0.7000000000000001,0.1
31,81.0,1.0,1.0,0.0,0.0,0.7449288553981065,1.0,0.7000000000000001,0.1
32,81.0,1.0,1.0,0.25,1.0,0.9543352282234927,1.0,0.7000000000000001,0.1
33,81.0,0.0,0.0,0.0,1.0,0.25,1.0,0.7000000000000001,0.1
34,81.0,1.0,1.0,0.0,0.0,0.9114305870329168,1.0,0.7000000000000001,0.1
35,81.0,0.0,1.0,0.0,0.0,0.3514210260220587,1.0,0.7000000000000001,0.1
36,81.0,1.0,1.0,0.0,0.0,0.9507794168258725,1.0,0.7000000000000001,0.1
37,81.0,1.0,1.0,0.0,0.0,0.6087366511469303,1.0,0.7000000000000001,0.1
38,81.0,0.0,1.0,0.75,1.0,0.4096287355894398,1.0,0.7000000000000001,0.1
39,81.0,1.0,1.0,0.5,1.0,0.7595956361226401,1.0,0.7000000000000001,0.1
40,81.0,1.0,0.0,0.0,1.0,0.6879626576410832,0.0,0.7000000000000001,0.1
41,81.0,0.0,1.0,1.0,1.0,0.3232753348266639,1.0,0.7000000000000001,0.1
42,81.0,0.0,0.0,-0.25,1.0,0.13512193243447848,1.0,0.7000000000000001,0.1
43,81.0,0.0,1.0,0.75,1.0,0.327517199779943,1.0,0.7000000000000001,0.1
44,81.0,1.0,0.0,-0.25,1.0,0.32621540327150184,1.0,0.7000000000000001,0.1
45,81.0,0.0,1.0,0.0,0.0,0.3514210260220587,1.0,0.7000000000000001,0.1
46,81.0,1.0,1.0,0.0,1.0,0.9866021221329792,1.0,0.7000000000000001,0.1
47,81.0,0.0,0.0,-0.75,1.0,0.06486874910514022,1.0,0.7000000000000001,0.1
48,81.0,0.0,1.0,0.0,0.0,0.3514210260220587,1.0,0.7000000000000001,0.1
49,81.0,0.0,0.0,-0.75,1.0,0.06486874910514022,0.0,0.7000000000000001,0.1
50,81.0,1.0,0.0,0.0,1.0,0.25,1.0,0.7000000000000001,0.1
51,81.0,0.0,0.0,-0.25,1.0,0.20503883113032886,1.0,0.7000000000000001,0.1
52,81.0,0.0,0.0,-0.25,1.0,0.15328963944728713,1.0,0.7000000000000001,0.1
53,81.0,0.0,1.0,0.0,1.0,0.6737953649948661,1.0,0.7000000000000001,0.1
54,81.0,0.0,0.0,-0.5,1.0,0.15328963944728713,1.0,0.7000000000000001,0.1
55,81.0,1.0,1.0,0.75,1.0,0.9175826385133733,1.0,0.7000000000000001,0.1
56,81.0,0.0,1.0,0.25,1.0,0.5238968361793109,1.0,0.7000000000000001,0.1
57,81.0,0.0,1.0,0.25,1.0,0.7097112911477906,1.0,0.7000000000000001,0.1
58,81.0,1.0,0.0,-0.5,1.0,0.6920958300613388,1.0,0.7000000000000001,0.1
59,81.0,0.0,1.0,1.0,1.0,0.14263635226518193,0.0,0.7000000000000001,0.1
60,81.0,0.0,1.0,0.25,1.0,0.7097112911477906,1.0,0.7000000000000001,0.1
61,81.0,1.0,1.0,0.0,0.0,0.9507794168258725,1.0,0.7000000000000001,0.1
62,81.0,1.0,1.0,0.75,1.0,0.7595956361226401,1.0,0.7000000000000001,0.1
63,81.0,0.0,0.0,0.0,1.0,0.25,1.0,0.7000000000000001,0.1
64,81.0,1.0,0.0,-0.25,1.0,0.47611538382325036,0.0,0.7000000000000001,0.1
65,81.0,0.0,1.0,0.5,1.0,0.5656785246588651,1.0,0.7000000000000001,0.1
66,81.0,1.0,1.0,0.25,1.0,0.8557222028194988,1.0,0.7000000000000001,0.1
67,81.0,0.0,0.0,-0.5,1.0,0.03801428283246531,1.0,0.7000000000000001,0.1
68,81.0,1.0,1.0,1.0,1.0,0.6273167076025997,1.0,0.7000000000000001,0.1
69,81.0,0.0,1.0,0.25,1.0,0.6318232791097113,1.0,0.7000000000000001,0.1
70,81.0,1.0,1.0,0.0,1.0,0.8557222028194988,1.0,0.7000000000000001,0.1
71,81.0,0.0,1.0,0.5,1.0,0.4775913622878986,0.0,0.7000000000000001,0.1
72,81.0,1.0,1.0,0.0,1.0,0.9866021221329792,1.0,0.7000000000000001,0.1
73,81.0,1.0,1.0,0.5,1.0,0.9175826385133733,1.0,0.7000000000000001,0.1
74,81.0,1.0,0.0,-0.25,1.0,0.32621540327150184,0.0,0.7000000000000001,0.1
75,81.0,1.0,1.0,1.0,1.0,0.7595956361226401,1.0,0.7000000000000001,0.1
76,81.0,1.0,1.0,0.25,1.0,0.7595956361226401,1.0,0.7000000000000001,0.1
77,81.0,1.0,1.0,0.0,1.0,0.9751426233856391,1.0,0.7000000000000001,0.1
78,81.0,0.0,1.0,0.0,0.0,0.5462482466367736,0.0,0.7000000000000001,0.1
79,81.0,1.0,1.0,0.75,1.0,0.6273167076025997,1.0,0.7000000000000001,0.1
80,81.0,0.0,0.0,-0.75,1.0,0.03801428283246531,0.0,0.7000000000000001,0.1
81,81.0,0.0,0.0,0.0,1.0,0.15328963944728713,1.0,0.7000000000000001,0.1
82,81.0,1.0,1.0,0.0,1.0,0.9866021221329792,1.0,0.7000000000000001,0.1
83,81.0,1.0,0.0,0.0,1.0,0.5401310816581385,1.0,0.7000000000000001,0.1
84,81.0,1.0,0.0,-0.5,1.0,0.2536407513077926,1.0,0.7000000000000001,0.1
85,81.0,0.0,1.0,0.25,1.0,0.6318232791097113,1.0,0.7000000000000001,0.1
86,81.0,0.0,1.0,1.0,1.0,0.32327533482666393,1.0,0.7000000000000001,0.1
87,81.0,1.0,0.0,0.0,1.0,0.8053937526845794,1.0,0.7000000000000001,0.1
88,81.0,1.0,1.0,0.0,0.0,0.911430587032917,1.0,0.7000000000000001,0.1
89,81.0,0.0,0.0,-0.25,1.0,0.06486874910514022,1.0,0.7000000000000001,0.1
